"Date";"Time";"temperature 1 (analog)";"temperature 2 (digital)";"absolute pressure";"relative humidity";"absolute humidity";"mixing ratio";"dewpoint";"frostpoint";"airflow";"fan power"
"[YYYY-MM-DD]";"[hh:mm:ss]";"°C";"°C";"hPa";"%";"g/m³";"g/kg";"°C";"°C";"%";"%"
"2020-10-08";"00:00:00";11.756;11.721;989.609;77.458;8.115;6.780;7.941;0.000;90.008;79.365
"2020-10-08";"00:05:00";11.773;11.747;989.688;77.458;8.124;6.787;7.957;0.000;83.227;79.365
"2020-10-08";"00:10:00";11.815;11.781;989.722;77.458;8.145;6.806;7.998;0.000;96.718;82.540
"2020-10-08";"00:15:00";11.761;11.705;989.783;77.458;8.118;6.781;7.946;0.000;93.642;79.365
"2020-10-08";"00:20:00";11.810;11.794;989.862;76.934;8.087;6.756;7.892;0.000;79.461;77.778
"2020-10-08";"00:25:00";11.840;11.793;989.776;77.458;8.158;6.817;8.022;0.000;98.427;84.127
"2020-10-08";"00:30:00";11.783;11.730;989.762;76.934;8.074;6.745;7.867;0.000;93.455;82.540
"2020-10-08";"00:35:00";11.830;11.757;989.818;76.934;8.098;6.765;7.912;0.000;107.652;84.127
"2020-10-08";"00:40:00";11.763;11.686;989.922;76.934;8.064;6.734;7.847;0.000;105.680;80.952
"2020-10-08";"00:45:00";11.816;11.814;989.935;76.409;8.035;6.712;7.798;0.000;92.384;84.127
"2020-10-08";"00:50:00";11.750;11.721;989.917;76.934;8.057;6.728;7.834;0.000;95.973;82.540
"2020-10-08";"00:55:00";11.735;11.680;990.036;76.934;8.050;6.721;7.820;0.000;88.823;80.952
"2020-10-08";"01:00:00";11.722;11.682;990.106;76.934;8.043;6.715;7.808;0.000;97.974;82.540
"2020-10-08";"01:05:00";11.561;11.526;990.154;77.458;8.017;6.688;7.751;0.000;93.419;74.603
"2020-10-08";"01:10:00";11.589;11.583;990.112;77.458;8.031;6.701;7.778;0.000;96.332;80.952
"2020-10-08";"01:15:00";11.619;11.603;990.041;76.934;7.992;6.669;7.708;0.000;94.160;79.365
"2020-10-08";"01:20:00";11.714;11.661;989.979;76.409;7.984;6.666;7.699;0.000;98.491;84.127
"2020-10-08";"01:25:00";11.599;11.522;990.066;76.409;7.927;6.614;7.588;0.000;94.722;79.365
"2020-10-08";"01:30:00";11.764;11.760;990.120;75.360;7.899;6.594;7.544;0.000;84.982;79.365
"2020-10-08";"01:35:00";11.564;11.503;990.221;76.409;7.906;6.595;7.547;0.000;88.190;77.778
"2020-10-08";"01:40:00";11.618;11.574;990.160;76.409;7.936;6.622;7.606;0.000;95.173;82.540
"2020-10-08";"01:45:00";11.407;11.350;990.230;77.458;7.940;6.620;7.601;0.000;97.775;76.190
"2020-10-08";"01:50:00";11.497;11.429;990.166;76.934;7.931;6.614;7.589;0.000;88.064;82.540
"2020-10-08";"01:55:00";11.488;11.477;990.122;76.409;7.876;6.568;7.487;0.000;81.480;85.714
"2020-10-08";"02:00:00";11.423;11.395;990.187;76.934;7.894;6.582;7.517;0.000;84.060;82.540
"2020-10-08";"02:05:00";11.322;11.284;990.141;77.458;7.898;6.583;7.520;0.000;84.043;85.714
"2020-10-08";"02:10:00";11.283;11.252;990.279;77.983;7.932;6.610;7.580;0.000;91.407;80.952
"2020-10-08";"02:15:00";11.233;11.209;990.318;78.507;7.965;6.636;7.639;0.000;95.442;84.127
"2020-10-08";"02:20:00";11.200;11.174;990.332;78.507;7.944;6.617;7.598;0.000;102.472;84.127
"2020-10-08";"02:25:00";11.178;11.104;990.474;79.032;7.986;6.651;7.674;0.000;103.774;80.952
"2020-10-08";"02:30:00";11.172;11.138;990.473;79.032;7.983;6.648;7.668;0.000;99.784;87.302
"2020-10-08";"02:35:00";11.140;11.116;990.584;79.032;7.967;6.633;7.637;0.000;93.627;84.127
"2020-10-08";"02:40:00";11.228;11.256;990.671;77.983;7.905;6.583;7.527;0.000;78.738;82.540
"2020-10-08";"02:45:00";11.205;11.150;990.721;78.507;7.946;6.617;7.603;0.000;99.400;84.127
"2020-10-08";"02:50:00";11.160;11.096;990.805;79.032;7.977;6.641;7.657;0.000;100.265;82.540
"2020-10-08";"02:55:00";11.205;11.193;990.851;78.507;7.946;6.616;7.603;0.000;93.422;82.540
"2020-10-08";"03:00:00";10.972;10.917;991.018;79.557;7.936;6.600;7.571;0.000;100.002;71.429
"2020-10-08";"03:05:00";11.122;11.096;990.984;79.032;7.958;6.623;7.620;0.000;81.923;79.365
"2020-10-08";"03:10:00";11.055;11.055;991.018;79.032;7.921;6.590;7.548;0.000;79.552;79.365
"2020-10-08";"03:15:00";11.093;11.062;990.996;79.032;7.943;6.610;7.592;0.000;97.366;84.127
"2020-10-08";"03:20:00";10.997;10.939;991.107;79.557;7.949;6.612;7.598;0.000;93.350;79.365
"2020-10-08";"03:25:00";11.127;11.103;991.131;78.507;7.908;6.580;7.527;0.000;103.302;84.127
"2020-10-08";"03:30:00";11.081;11.026;991.192;78.507;7.885;6.559;7.483;0.000;97.420;80.952
"2020-10-08";"03:35:00";11.085;11.045;991.247;78.507;7.887;6.560;7.486;0.000;94.959;82.540
"2020-10-08";"03:40:00";11.030;11.019;991.347;79.032;7.912;6.579;7.530;0.000;89.772;82.540
"2020-10-08";"03:45:00";11.091;11.081;991.402;77.983;7.837;6.518;7.394;0.000;88.027;82.540
"2020-10-08";"03:50:00";11.103;11.054;991.494;78.507;7.896;6.567;7.504;0.000;87.124;82.540
"2020-10-08";"03:55:00";11.016;10.951;991.674;79.032;7.905;6.572;7.517;0.000;94.175;77.778
"2020-10-08";"04:00:00";10.950;10.911;991.743;79.557;7.925;6.586;7.549;0.000;94.728;79.365
"2020-10-08";"04:05:00";10.861;10.830;991.838;79.557;7.881;6.546;7.463;0.000;96.530;76.190
"2020-10-08";"04:10:00";10.866;10.836;991.875;79.557;7.883;6.548;7.468;0.000;93.025;76.190
"2020-10-08";"04:15:00";10.992;10.929;991.953;79.032;7.893;6.559;7.494;0.000;105.898;79.365
"2020-10-08";"04:20:00";10.970;10.981;992.012;78.507;7.830;6.505;7.375;0.000;81.868;77.778
"2020-10-08";"04:25:00";10.926;10.891;992.052;79.032;7.861;6.529;7.429;0.000;99.396;77.778
"2020-10-08";"04:30:00";10.904;10.855;992.075;79.032;7.850;6.520;7.408;0.000;95.412;76.190
"2020-10-08";"04:35:00";10.865;10.830;992.160;79.557;7.882;6.546;7.467;0.000;95.930;74.603
"2020-10-08";"04:40:00";10.883;10.863;992.200;79.032;7.839;6.509;7.387;0.000;94.934;76.190
"2020-10-08";"04:45:00";10.800;10.776;992.231;79.557;7.851;6.517;7.404;0.000;96.345;71.429
"2020-10-08";"04:50:00";10.711;10.669;992.305;80.081;7.858;6.520;7.413;0.000;92.965;71.429
"2020-10-08";"04:55:00";10.751;10.690;992.334;80.081;7.878;6.538;7.452;0.000;101.293;73.016
"2020-10-08";"05:00:00";10.821;10.781;992.320;79.557;7.861;6.525;7.425;0.000;83.127;73.016
"2020-10-08";"05:05:00";10.813;10.766;992.340;80.081;7.909;6.565;7.513;0.000;99.204;73.016
"2020-10-08";"05:10:00";10.844;10.805;992.390;79.557;7.872;6.535;7.446;0.000;102.550;76.190
"2020-10-08";"05:15:00";10.854;10.797;992.399;79.557;7.877;6.539;7.456;0.000;88.587;71.429
"2020-10-08";"05:20:00";10.849;10.792;992.407;80.081;7.926;6.580;7.548;0.000;93.881;73.016
"2020-10-08";"05:25:00";10.930;10.926;992.404;79.032;7.863;6.529;7.434;0.000;86.761;76.190
"2020-10-08";"05:30:00";10.943;10.916;992.473;79.557;7.922;6.578;7.544;0.000;92.619;73.016
"2020-10-08";"05:35:00";11.079;11.041;992.489;79.032;7.937;6.594;7.578;0.000;101.605;77.778
"2020-10-08";"05:40:00";11.144;11.124;992.504;78.507;7.916;6.578;7.544;0.000;93.984;79.365
"2020-10-08";"05:45:00";11.164;11.130;992.482;78.507;7.926;6.587;7.563;0.000;85.553;76.190
"2020-10-08";"05:50:00";11.244;11.197;992.609;78.507;7.966;6.621;7.641;0.000;94.870;74.603
"2020-10-08";"05:55:00";11.263;11.202;992.615;78.507;7.975;6.630;7.659;0.000;88.901;77.778
"2020-10-08";"06:00:00";11.312;11.281;992.699;78.507;8.000;6.651;7.707;0.000;91.616;74.603
"2020-10-08";"06:05:00";11.427;11.407;992.744;78.507;8.058;6.702;7.818;0.000;96.081;77.778
"2020-10-08";"06:10:00";11.500;11.503;992.815;77.983;8.040;6.689;7.791;0.000;92.691;77.778
"2020-10-08";"06:15:00";11.731;11.751;992.865;76.409;7.993;6.654;7.716;0.000;76.698;77.778
"2020-10-08";"06:20:00";11.759;11.711;992.897;76.409;8.007;6.666;7.744;0.000;92.651;76.190
"2020-10-08";"06:25:00";11.945;11.934;992.905;75.360;7.989;6.655;7.720;0.000;79.837;77.778
"2020-10-08";"06:30:00";12.028;11.997;992.917;75.884;8.086;6.739;7.902;0.000;97.356;76.190
"2020-10-08";"06:35:00";12.232;12.230;992.939;74.835;8.076;6.736;7.894;0.000;89.740;77.778
"2020-10-08";"06:40:00";12.268;12.210;993.046;75.360;8.151;6.799;8.032;0.000;103.719;77.778
"2020-10-08";"06:45:00";12.408;12.398;993.053;74.311;8.108;6.766;7.961;0.000;85.228;73.016
"2020-10-08";"06:50:00";12.528;12.473;993.091;73.786;8.111;6.771;7.973;0.000;98.755;77.778
"2020-10-08";"06:55:00";12.610;12.554;993.073;73.786;8.153;6.808;8.052;0.000;96.202;77.778
"2020-10-08";"07:00:00";12.841;12.798;993.109;72.737;8.152;6.813;8.063;0.000;103.410;82.540
"2020-10-08";"07:05:00";12.866;12.826;993.199;72.737;8.165;6.824;8.088;0.000;99.161;79.365
"2020-10-08";"07:10:00";13.075;13.089;993.169;71.688;8.153;6.819;8.076;0.000;69.576;80.952
"2020-10-08";"07:15:00";13.034;13.009;993.247;72.212;8.191;6.849;8.143;0.000;98.665;73.016
"2020-10-08";"07:20:00";13.245;13.214;993.248;71.688;8.238;6.894;8.238;0.000;91.350;74.603
"2020-10-08";"07:25:00";13.487;13.469;993.288;70.638;8.239;6.901;8.253;0.000;90.003;73.016
"2020-10-08";"07:30:00";13.684;13.624;993.295;70.114;8.278;6.938;8.332;0.000;98.182;77.778
"2020-10-08";"07:35:00";13.806;13.807;993.283;69.589;8.278;6.941;8.338;0.000;90.028;77.778
"2020-10-08";"07:40:00";13.861;13.834;993.212;69.064;8.243;6.914;8.279;0.000;91.226;80.952
"2020-10-08";"07:45:00";13.909;13.946;993.273;68.540;8.201;6.879;8.206;0.000;77.837;77.778
"2020-10-08";"07:50:00";13.858;13.841;993.287;69.064;8.242;6.912;8.277;0.000;83.598;82.540
"2020-10-08";"07:55:00";13.811;13.789;993.330;69.064;8.218;6.890;8.231;0.000;89.079;80.952
"2020-10-08";"08:00:00";13.841;13.824;993.338;69.064;8.233;6.904;8.261;0.000;79.195;73.016
"2020-10-08";"08:05:00";14.094;14.126;993.287;67.024;8.111;6.807;8.053;0.000;73.618;77.778
"2020-10-08";"08:10:00";14.067;14.019;993.324;68.015;8.221;6.900;8.251;0.000;96.468;77.778
"2020-10-08";"08:15:00";14.151;14.115;993.377;68.015;8.263;6.937;8.330;0.000;87.924;77.778
"2020-10-08";"08:20:00";14.491;14.483;993.361;64.343;7.981;6.706;7.836;0.000;92.965;84.127
"2020-10-08";"08:25:00";14.499;14.472;993.434;64.343;7.985;6.709;7.844;0.000;84.952;74.603
"2020-10-08";"08:30:00";14.614;14.559;993.431;62.769;7.845;6.592;7.589;0.000;92.685;77.778
"2020-10-08";"08:35:00";14.689;14.643;993.485;63.294;7.947;6.680;7.783;0.000;100.222;76.190
"2020-10-08";"08:40:00";15.112;15.137;993.456;61.195;7.884;6.637;7.688;0.000;82.066;76.190
"2020-10-08";"08:45:00";15.089;15.057;993.502;61.720;7.940;6.684;7.791;0.000;98.590;76.190
"2020-10-08";"08:50:00";15.316;15.314;993.503;60.671;7.914;6.667;7.753;0.000;92.326;77.778
"2020-10-08";"08:55:00";15.361;15.335;993.542;60.671;7.931;6.682;7.787;0.000;101.218;74.603
"2020-10-08";"09:00:00";15.587;15.572;993.648;59.621;7.905;6.665;7.751;0.000;93.092;73.016
"2020-10-08";"09:05:00";15.650;15.637;993.707;59.621;7.936;6.692;7.811;0.000;89.588;76.190
"2020-10-08";"09:10:00";15.616;15.642;993.667;58.572;7.780;6.559;7.518;0.000;89.037;80.952
"2020-10-08";"09:15:00";15.365;15.331;993.654;60.671;7.937;6.686;7.798;0.000;104.523;82.540
"2020-10-08";"09:20:00";15.397;15.385;993.675;60.146;7.884;6.642;7.702;0.000;91.178;71.429
"2020-10-08";"09:25:00";15.591;15.543;993.595;59.097;7.838;6.608;7.626;0.000;97.676;76.190
"2020-10-08";"09:30:00";15.645;15.625;993.525;59.621;7.933;6.691;7.806;0.000;95.595;74.603
"2020-10-08";"09:35:00";15.706;15.652;993.540;59.621;7.963;6.718;7.864;0.000;89.179;76.190
"2020-10-08";"09:40:00";15.779;15.768;993.591;59.097;7.927;6.688;7.802;0.000;92.479;77.778
"2020-10-08";"09:45:00";15.688;15.663;993.567;59.097;7.884;6.650;7.717;0.000;93.812;80.952
"2020-10-08";"09:50:00";15.793;15.771;993.598;59.097;7.934;6.695;7.815;0.000;103.403;80.952
"2020-10-08";"09:55:00";15.656;15.615;993.559;59.097;7.869;6.636;7.687;0.000;89.168;79.365
"2020-10-08";"10:00:00";15.864;15.848;993.454;56.998;7.685;6.485;7.351;0.000;94.160;82.540
"2020-10-08";"10:05:00";16.049;16.025;993.490;58.572;7.986;6.746;7.924;0.000;97.811;74.603
"2020-10-08";"10:10:00";16.285;16.287;993.356;56.590;7.827;6.616;7.640;0.000;82.501;76.190
"2020-10-08";"10:15:00";16.700;16.676;993.243;54.375;7.710;6.527;7.441;0.000;82.210;79.365
"2020-10-08";"10:20:00";16.649;16.647;993.182;53.851;7.612;6.442;7.251;0.000;81.544;76.190
"2020-10-08";"10:25:00";16.785;16.723;993.164;53.851;7.675;6.499;7.378;0.000;107.555;79.365
"2020-10-08";"10:30:00";16.619;16.622;993.088;52.801;7.454;6.307;6.943;0.000;93.300;80.952
"2020-10-08";"10:35:00";16.499;16.496;993.047;52.801;7.397;6.256;6.825;0.000;92.921;82.540
"2020-10-08";"10:40:00";16.572;16.501;993.086;53.326;7.503;6.348;7.037;0.000;106.506;82.540
"2020-10-08";"10:45:00";16.372;16.372;993.079;53.851;7.487;6.329;6.994;0.000;71.458;71.429
"2020-10-08";"10:50:00";16.381;16.354;993.052;53.326;7.418;6.271;6.859;0.000;99.043;82.540
"2020-10-08";"10:55:00";16.547;16.541;993.147;53.326;7.493;6.338;7.014;0.000;101.976;77.778
"2020-10-08";"11:00:00";16.868;16.857;993.090;52.277;7.488;6.341;7.021;0.000;100.021;71.429
"2020-10-08";"11:05:00";17.197;17.159;993.065;51.752;7.560;6.410;7.178;0.000;95.589;74.603
"2020-10-08";"11:10:00";17.094;17.097;993.048;51.228;7.441;6.307;6.941;0.000;82.132;73.016
"2020-10-08";"11:15:00";16.843;16.807;992.976;51.752;7.401;6.267;6.850;0.000;90.407;73.016
"2020-10-08";"11:20:00";16.658;16.639;992.912;51.752;7.320;6.194;6.680;0.000;100.507;73.016
"2020-10-08";"11:25:00";16.836;16.796;992.875;51.228;7.323;6.201;6.696;0.000;102.627;71.429
"2020-10-08";"11:30:00";16.660;16.643;992.869;52.277;7.395;6.259;6.829;0.000;95.257;73.016
"2020-10-08";"11:35:00";16.778;16.786;992.867;49.654;7.074;5.986;6.188;0.000;82.304;77.778
"2020-10-08";"11:40:00";16.412;16.408;992.895;51.228;7.139;6.035;6.304;0.000;85.305;71.429
"2020-10-08";"11:45:00";16.409;16.376;992.892;51.752;7.211;6.096;6.450;0.000;96.251;76.190
"2020-10-08";"11:50:00";16.707;16.707;992.847;51.228;7.267;6.150;6.576;0.000;96.296;73.016
"2020-10-08";"11:55:00";16.836;16.801;992.806;50.703;7.248;6.137;6.546;0.000;91.410;71.429
"2020-10-08";"12:00:00";17.030;17.037;992.793;49.654;7.181;6.084;6.420;0.000;89.272;74.603
"2020-10-08";"12:05:00";16.738;16.686;992.780;50.703;7.206;6.099;6.456;0.000;98.195;80.952
"2020-10-08";"12:10:00";16.702;16.653;992.787;50.703;7.190;6.085;6.423;0.000;102.552;80.952
"2020-10-08";"12:15:00";16.970;16.960;992.785;49.654;7.156;6.061;6.365;0.000;92.003;73.016
"2020-10-08";"12:20:00";16.922;16.863;992.755;49.654;7.135;6.043;6.321;0.000;94.849;71.429
"2020-10-08";"12:25:00";16.797;16.737;992.737;49.654;7.082;5.995;6.206;0.000;104.055;76.190
"2020-10-08";"12:30:00";16.617;16.582;992.753;50.178;7.080;5.989;6.193;0.000;96.754;71.429
"2020-10-08";"12:35:00";16.605;16.552;992.750;50.703;7.148;6.047;6.332;0.000;93.810;71.429
"2020-10-08";"12:40:00";16.765;16.744;992.716;50.703;7.218;6.110;6.480;0.000;91.215;73.016
"2020-10-08";"12:45:00";17.028;17.017;992.616;48.605;7.029;5.955;6.109;0.000;92.863;73.016
"2020-10-08";"12:50:00";17.534;17.506;992.570;48.605;7.245;6.151;6.573;0.000;98.426;74.603
"2020-10-08";"12:55:00";17.683;17.651;992.591;48.080;7.230;6.142;6.552;0.000;97.253;73.016
"2020-10-08";"13:00:00";17.681;17.652;992.558;48.605;7.308;6.208;6.708;0.000;96.185;71.429
"2020-10-08";"13:05:00";17.536;17.506;992.533;49.654;7.401;6.285;6.886;0.000;99.363;73.016
"2020-10-08";"13:10:00";17.413;17.400;992.513;50.703;7.503;6.370;7.078;0.000;94.973;73.016
"2020-10-08";"13:15:00";17.093;17.064;992.562;52.277;7.589;6.436;7.229;0.000;96.994;71.429
"2020-10-08";"13:20:00";17.040;17.016;992.594;51.228;7.413;6.285;6.884;0.000;101.292;71.429
"2020-10-08";"13:25:00";16.989;16.987;992.515;51.752;7.466;6.329;6.986;0.000;90.566;76.190
"2020-10-08";"13:30:00";17.007;16.973;992.527;52.277;7.551;6.402;7.150;0.000;99.173;71.429
"2020-10-08";"13:35:00";16.995;16.941;992.571;51.752;7.469;6.332;6.992;0.000;102.939;71.429
"2020-10-08";"13:40:00";16.720;16.674;992.572;53.326;7.571;6.412;7.175;0.000;97.979;71.429
"2020-10-08";"13:45:00";16.692;16.658;992.558;52.801;7.483;6.337;7.004;0.000;94.742;71.429
"2020-10-08";"13:50:00";16.614;16.562;992.483;51.752;7.300;6.179;6.639;0.000;96.366;71.429
"2020-10-08";"13:55:00";16.652;16.612;992.459;51.752;7.317;6.195;6.674;0.000;98.558;71.429
"2020-10-08";"14:00:00";16.637;16.587;992.416;52.277;7.381;6.249;6.800;0.000;102.524;71.429
"2020-10-08";"14:05:00";16.565;16.535;992.349;52.277;7.353;6.224;6.741;0.000;94.342;71.429
"2020-10-08";"14:10:00";16.455;16.402;992.357;53.326;7.451;6.305;6.929;0.000;101.534;71.429
"2020-10-08";"14:15:00";16.407;16.354;992.327;54.375;7.575;6.411;7.168;0.000;102.380;71.429
"2020-10-08";"14:20:00";16.427;16.391;992.327;54.900;7.655;6.479;7.321;0.000;97.703;71.429
"2020-10-08";"14:25:00";16.372;16.319;992.389;54.900;7.633;6.459;7.277;0.000;93.921;71.429
"2020-10-08";"14:30:00";16.365;16.333;992.395;54.900;7.629;6.456;7.270;0.000;95.984;71.429
"2020-10-08";"14:35:00";16.363;16.298;992.397;55.425;7.702;6.517;7.408;0.000;99.606;71.429
"2020-10-08";"14:40:00";16.351;16.299;992.400;55.425;7.696;6.512;7.396;0.000;103.876;71.429
"2020-10-08";"14:45:00";16.454;16.422;992.395;54.900;7.670;6.493;7.353;0.000;103.157;71.429
"2020-10-08";"14:50:00";16.407;16.383;992.362;55.425;7.722;6.536;7.449;0.000;102.112;71.429
"2020-10-08";"14:55:00";16.458;16.431;992.316;55.425;7.746;6.558;7.496;0.000;101.163;71.429
"2020-10-08";"15:00:00";16.715;16.711;992.306;53.851;7.642;6.475;7.313;0.000;97.892;71.429
"2020-10-08";"15:05:00";16.777;16.723;992.272;54.375;7.746;6.565;7.513;0.000;103.358;71.429
"2020-10-08";"15:10:00";16.656;16.632;992.252;54.375;7.690;6.515;7.400;0.000;101.413;71.429
"2020-10-08";"15:15:00";16.715;16.692;992.281;54.375;7.717;6.539;7.455;0.000;98.977;71.429
"2020-10-08";"15:20:00";16.873;16.865;992.287;52.801;7.565;6.413;7.172;0.000;87.446;74.603
"2020-10-08";"15:25:00";16.752;16.730;992.365;53.326;7.585;6.427;7.205;0.000;101.990;71.429
"2020-10-08";"15:30:00";16.765;16.714;992.419;53.851;7.665;6.495;7.359;0.000;100.474;71.429
"2020-10-08";"15:35:00";16.688;16.640;992.469;54.375;7.705;6.527;7.430;0.000;103.305;71.429
"2020-10-08";"15:40:00";16.519;16.472;992.469;55.425;7.774;6.582;7.552;0.000;100.130;71.429
"2020-10-08";"15:45:00";16.315;16.271;992.499;56.474;7.824;6.620;7.637;0.000;100.018;71.429
"2020-10-08";"15:50:00";16.171;16.130;992.523;56.998;7.829;6.621;7.639;0.000;98.932;71.429
"2020-10-08";"15:55:00";16.033;15.999;992.502;57.523;7.836;6.624;7.644;0.000;97.637;71.429
"2020-10-08";"16:00:00";15.885;15.848;992.525;58.048;7.837;6.621;7.638;0.000;101.095;71.429
"2020-10-08";"16:05:00";15.723;15.681;992.525;58.572;7.831;6.612;7.619;0.000;98.684;71.429
"2020-10-08";"16:10:00";15.577;15.534;992.506;59.097;7.831;6.609;7.613;0.000;97.444;71.429
"2020-10-08";"16:15:00";15.406;15.378;992.543;60.146;7.888;6.653;7.710;0.000;100.106;71.429
"2020-10-08";"16:20:00";15.337;15.300;992.551;60.671;7.924;6.682;7.773;0.000;99.042;71.429
"2020-10-08";"16:25:00";15.221;15.191;992.532;60.671;7.868;6.632;7.663;0.000;96.920;71.429
"2020-10-08";"16:30:00";15.155;15.103;992.525;61.195;7.904;6.662;7.727;0.000;97.204;71.429
"2020-10-08";"16:35:00";15.058;14.997;992.554;61.720;7.925;6.677;7.761;0.000;100.313;71.429
"2020-10-08";"16:40:00";14.952;14.912;992.593;61.720;7.874;6.631;7.661;0.000;97.132;71.429
"2020-10-08";"16:45:00";14.852;14.828;992.595;62.244;7.897;6.648;7.699;0.000;101.846;71.429
"2020-10-08";"16:50:00";14.769;14.728;992.639;62.244;7.853;6.609;7.613;0.000;99.944;71.429
"2020-10-08";"16:55:00";14.662;14.610;992.626;63.294;7.934;6.674;7.757;0.000;101.015;71.429
"2020-10-08";"17:00:00";14.571;14.503;992.631;63.294;7.890;6.635;7.670;0.000;101.737;71.429
"2020-10-08";"17:05:00";14.487;14.437;992.624;63.818;7.914;6.654;7.712;0.000;104.243;71.429
"2020-10-08";"17:10:00";14.378;14.337;992.610;64.343;7.926;6.662;7.729;0.000;100.568;71.429
"2020-10-08";"17:15:00";14.328;14.279;992.616;64.868;7.967;6.695;7.801;0.000;104.052;71.429
"2020-10-08";"17:20:00";14.167;14.131;992.618;65.392;7.952;6.679;7.766;0.000;99.626;71.429
"2020-10-08";"17:25:00";14.112;14.041;992.592;65.917;7.989;6.709;7.831;0.000;100.220;71.429
"2020-10-08";"17:30:00";14.004;13.956;992.616;65.917;7.936;6.661;7.728;0.000;100.236;71.429
"2020-10-08";"17:35:00";13.963;13.891;992.595;66.441;7.980;6.697;7.806;0.000;97.643;71.429
"2020-10-08";"17:40:00";13.855;13.805;992.631;66.966;7.989;6.703;7.819;0.000;100.325;71.429
"2020-10-08";"17:45:00";13.797;13.738;992.652;66.966;7.961;6.677;7.763;0.000;99.076;71.429
"2020-10-08";"17:50:00";13.747;13.707;992.689;66.966;7.937;6.655;7.716;0.000;99.725;71.429
"2020-10-08";"17:55:00";13.690;13.670;992.708;66.966;7.909;6.630;7.662;0.000;101.511;71.429
"2020-10-08";"18:00:00";13.677;13.629;992.749;66.966;7.903;6.624;7.649;0.000;100.261;71.429
"2020-10-08";"18:05:00";13.641;13.610;992.726;67.491;7.947;6.661;7.729;0.000;104.074;71.429
"2020-10-08";"18:10:00";13.603;13.549;992.715;67.491;7.929;6.645;7.693;0.000;98.158;71.429
"2020-10-08";"18:15:00";13.566;13.527;992.730;67.491;7.911;6.628;7.658;0.000;103.259;71.429
"2020-10-08";"18:20:00";13.523;13.466;992.745;68.015;7.951;6.661;7.730;0.000;103.662;71.429
"2020-10-08";"18:25:00";13.446;13.408;992.738;68.015;7.913;6.628;7.657;0.000;101.361;71.429
"2020-10-08";"18:30:00";13.405;13.356;992.762;68.015;7.893;6.610;7.618;0.000;103.432;71.429
"2020-10-08";"18:35:00";13.410;13.337;992.770;68.015;7.896;6.612;7.622;0.000;104.734;71.429
"2020-10-08";"18:40:00";13.412;13.350;992.805;68.015;7.897;6.613;7.625;0.000;103.717;71.429
"2020-10-08";"18:45:00";13.351;13.282;992.831;68.540;7.928;6.637;7.679;0.000;104.858;71.429
"2020-10-08";"18:50:00";13.289;13.224;992.832;69.064;7.958;6.661;7.732;0.000;105.899;71.429
"2020-10-08";"18:55:00";13.124;13.068;992.856;69.589;7.937;6.640;7.685;0.000;102.814;71.429
"2020-10-08";"19:00:00";13.025;12.979;992.906;70.114;7.948;6.647;7.700;0.000;102.937;71.429
"2020-10-08";"19:05:00";12.905;12.851;992.944;71.163;8.008;6.694;7.803;0.000;105.052;71.429
"2020-10-08";"19:10:00";12.888;12.830;992.975;70.638;7.940;6.636;7.678;0.000;105.406;71.429
"2020-10-08";"19:15:00";12.748;12.724;993.009;71.163;7.930;6.624;7.652;0.000;102.264;71.429
"2020-10-08";"19:20:00";12.741;12.683;993.014;71.163;7.927;6.621;7.645;0.000;104.482;71.429
"2020-10-08";"19:25:00";12.707;12.639;992.991;71.688;7.968;6.655;7.721;0.000;104.984;71.429
"2020-10-08";"19:30:00";12.674;12.621;992.962;71.688;7.952;6.641;7.690;0.000;103.775;71.429
"2020-10-08";"19:35:00";12.741;12.668;992.981;71.688;7.985;6.671;7.754;0.000;105.694;71.429
"2020-10-08";"19:40:00";12.747;12.698;992.994;71.688;7.988;6.673;7.759;0.000;102.657;71.429
"2020-10-08";"19:45:00";12.700;12.651;993.038;71.688;7.965;6.652;7.714;0.000;102.163;71.429
"2020-10-08";"19:50:00";12.652;12.589;993.121;71.688;7.941;6.630;7.668;0.000;101.858;71.429
"2020-10-08";"19:55:00";12.617;12.542;993.113;72.212;7.982;6.664;7.741;0.000;102.918;71.429
"2020-10-08";"20:00:00";12.515;12.473;993.148;72.737;7.989;6.667;7.749;0.000;101.766;71.429
"2020-10-08";"20:05:00";12.305;12.236;993.186;73.786;7.999;6.671;7.757;0.000;104.477;71.429
"2020-10-08";"20:10:00";12.163;12.130;993.166;74.311;7.986;6.656;7.725;0.000;103.415;71.429
"2020-10-08";"20:15:00";12.107;12.072;993.109;74.311;7.958;6.632;7.670;0.000;103.220;71.429
"2020-10-08";"20:20:00";12.091;12.026;993.095;74.311;7.950;6.625;7.655;0.000;102.058;71.429
"2020-10-08";"20:25:00";12.091;12.023;993.110;74.311;7.950;6.625;7.655;0.000;102.285;71.429
"2020-10-08";"20:30:00";12.157;12.115;993.103;73.261;7.870;6.559;7.510;0.000;100.071;71.429
"2020-10-08";"20:35:00";12.108;12.036;993.118;74.311;7.958;6.632;7.672;0.000;101.317;71.429
"2020-10-08";"20:40:00";12.050;12.001;993.148;74.311;7.929;6.606;7.615;0.000;102.323;71.429
"2020-10-08";"20:45:00";11.907;11.840;993.151;75.360;7.970;6.637;7.683;0.000;102.000;71.429
"2020-10-08";"20:50:00";11.653;11.599;993.150;76.409;7.954;6.618;7.640;0.000;101.209;71.429
"2020-10-08";"20:55:00";11.560;11.485;993.146;76.934;7.962;6.622;7.650;0.000;101.329;71.429
"2020-10-08";"21:00:00";11.449;11.412;993.140;76.934;7.907;6.573;7.543;0.000;100.094;71.429
"2020-10-08";"21:05:00";11.402;11.337;993.144;77.458;7.938;6.598;7.597;0.000;99.303;71.429
"2020-10-08";"21:10:00";11.297;11.237;993.115;77.983;7.939;6.597;7.594;0.000;99.259;71.429
"2020-10-08";"21:15:00";11.250;11.193;993.123;77.983;7.916;6.576;7.549;0.000;101.294;71.429
"2020-10-08";"21:20:00";11.322;11.295;993.117;77.458;7.898;6.563;7.520;0.000;100.552;71.429
"2020-10-08";"21:25:00";11.538;11.485;993.097;76.409;7.897;6.567;7.529;0.000;101.375;71.429
"2020-10-08";"21:30:00";11.673;11.612;993.053;76.409;7.964;6.627;7.659;0.000;102.984;71.429
"2020-10-08";"21:35:00";11.783;11.730;993.035;75.360;7.909;6.583;7.563;0.000;102.797;71.429
"2020-10-08";"21:40:00";11.891;11.834;993.064;74.835;7.907;6.584;7.565;0.000;102.546;71.429
"2020-10-08";"21:45:00";11.956;11.875;992.996;75.185;7.976;6.644;7.697;0.000;102.507;71.429
"2020-10-08";"21:50:00";11.999;11.961;992.899;74.835;7.960;6.633;7.670;0.000;102.531;71.429
"2020-10-08";"21:55:00";12.002;11.951;992.823;74.835;7.962;6.634;7.672;0.000;103.065;71.429
"2020-10-08";"22:00:00";12.001;11.970;992.732;74.311;7.905;6.588;7.568;0.000;102.550;71.429
"2020-10-08";"22:05:00";11.953;11.886;992.745;74.311;7.882;6.567;7.522;0.000;103.811;71.429
"2020-10-08";"22:10:00";11.959;11.882;992.713;74.311;7.884;6.569;7.527;0.000;101.040;71.429
"2020-10-08";"22:15:00";11.905;11.851;992.716;74.835;7.914;6.592;7.579;0.000;101.036;71.429
"2020-10-08";"22:20:00";11.766;11.726;992.763;75.884;7.955;6.624;7.649;0.000;100.316;71.429
"2020-10-08";"22:25:00";11.630;11.588;992.794;76.409;7.943;6.610;7.618;0.000;101.532;71.429
"2020-10-08";"22:30:00";11.530;11.478;992.745;76.934;7.947;6.611;7.621;0.000;101.494;71.429
"2020-10-08";"22:35:00";11.418;11.357;992.765;76.934;7.892;6.562;7.512;0.000;101.278;71.429
"2020-10-08";"22:40:00";11.390;11.329;992.713;77.458;7.932;6.595;7.585;0.000;99.652;71.429
"2020-10-08";"22:45:00";11.341;11.308;992.648;76.934;7.854;6.529;7.438;0.000;99.204;71.429
"2020-10-08";"22:50:00";11.340;11.284;992.646;76.934;7.853;6.529;7.437;0.000;99.077;71.429
"2020-10-08";"22:55:00";11.267;11.221;992.546;77.458;7.871;6.543;7.466;0.000;100.947;71.429
"2020-10-08";"23:00:00";11.196;11.150;992.541;77.983;7.889;6.556;7.496;0.000;102.646;71.429
"2020-10-08";"23:05:00";11.118;11.073;992.554;78.507;7.903;6.566;7.519;0.000;103.253;71.429
"2020-10-08";"23:10:00";11.183;11.153;992.560;77.458;7.829;6.506;7.385;0.000;100.587;71.429
"2020-10-08";"23:15:00";11.368;11.346;992.528;76.409;7.814;6.497;7.364;0.000;103.045;71.429
"2020-10-08";"23:20:00";11.645;11.593;992.449;74.311;7.732;6.435;7.224;0.000;101.208;71.429
"2020-10-08";"23:25:00";11.744;11.703;992.478;73.786;7.725;6.431;7.216;0.000;99.946;71.429
"2020-10-08";"23:30:00";11.764;11.692;992.516;74.311;7.789;6.486;7.339;0.000;101.107;71.429
"2020-10-08";"23:35:00";11.717;11.690;992.430;74.311;7.767;6.466;7.294;0.000;101.172;71.429
"2020-10-08";"23:40:00";11.657;11.587;992.461;75.360;7.847;6.532;7.441;0.000;100.476;71.429
"2020-10-08";"23:45:00";11.568;11.521;992.519;75.884;7.857;6.538;7.456;0.000;98.103;71.429
"2020-10-08";"23:50:00";11.455;11.393;992.580;76.409;7.860;6.538;7.456;0.000;101.006;71.429
"2020-10-08";"23:55:00";11.286;11.237;992.573;77.458;7.880;6.551;7.484;0.000;102.541;71.429
