METEOROLOGICAL DATA  CCTF V1.0                              DATA TYPE
Eva2Rinex V2.0      BEV                 12-OCT-20 13:02     PGM / RUN BY / DATE
External sensor located close to GNSS antenna               COMMENT
Input file name: 20201007.TXT                               COMMENT
Internal (indoor) sensor data file: Vaisala_Data_20201007.T COMMENT
Height of PR sensor 291.8 m                                 COMMENT
BE1_                                                        LAB NAME
     5  TE    HE    PR    TI    HI                          # / TYPES OF OBSERV
KRONEIS EVA700      SN:700.092-12590592           0.1  TE   SENSOR MOD/TYPE/ACC
KRONEIS EVA700      SN:700.092-12590592           2.0  HE   SENSOR MOD/TYPE/ACC
KRONEIS EVA700      SN:700.092-12590592           0.3  PR   SENSOR MOD/TYPE/ACC
VAISALA HMT331      SN:S2220318                   0.1  TI   SENSOR MOD/TYPE/ACC
VAISALA HMT331      SN:S2220318                   1.5  HI   SENSOR MOD/TYPE/ACC
                                                            END OF HEADER
 20 10  7  0  0  0   13.6   68.0  979.3   23.0   42.2
 20 10  7  0  5  0   13.6   69.6  979.4   23.3   41.6
 20 10  7  0 10  0   13.6   69.8  979.5   23.1   41.7
 20 10  7  0 15  0   13.8   66.4  979.6   22.8   42.4
 20 10  7  0 20  0   14.1   65.9  979.7   22.6   42.9
 20 10  7  0 25  0   14.1   66.5  979.7   22.5   43.2
 20 10  7  0 30  0   14.2   65.7  979.8   22.3   43.6
 20 10  7  0 35  0   14.2   64.3  979.8   22.5   43.3
 20 10  7  0 40  0   13.7   67.0  979.9   22.8   42.7
 20 10  7  0 45  0   13.7   69.8  980.0   23.1   42.1
 20 10  7  0 50  0   13.5   69.1  980.1   23.3   41.5
 20 10  7  0 55  0   13.4   69.1  980.2   23.2   41.5
 20 10  7  1  0  0   13.1   69.6  980.3   22.9   42.1
 20 10  7  1  5  0   13.1   69.6  980.5   22.7   42.7
 20 10  7  1 10  0   13.1   69.1  980.5   22.5   43.1
 20 10  7  1 15  0   13.2   68.5  980.5   22.4   43.4
 20 10  7  1 20  0   13.1   69.6  980.7   22.4   43.4
 20 10  7  1 25  0   12.9   70.6  980.8   22.5   43.2
 20 10  7  1 30  0   12.9   70.6  980.9   22.8   42.6
 20 10  7  1 35  0   12.7   71.2  980.8   23.1   42.1
 20 10  7  1 40  0   12.8   70.6  980.8   23.3   41.5
 20 10  7  1 45  0   13.0   69.6  980.8   23.3   41.4
 20 10  7  1 50  0   13.1   68.5  980.8   22.9   42.1
 20 10  7  1 55  0   13.3   67.5  980.8   22.7   42.5
 20 10  7  2  0  0   13.4   67.0  980.8   22.6   42.9
 20 10  7  2  5  0   13.6   65.9  980.8   22.4   43.2
 20 10  7  2 10  0   13.6   65.9  980.7   22.4   43.4
 20 10  7  2 15  0   13.7   65.4  980.7   22.6   43.0
 20 10  7  2 20  0   13.8   65.4  980.7   22.9   42.4
 20 10  7  2 25  0   13.9   65.4  980.7   23.1   41.9
 20 10  7  2 30  0   13.9   65.4  980.6   23.3   41.4
 20 10  7  2 35  0   13.8   66.4  980.6   23.2   41.5
 20 10  7  2 40  0   13.8   67.0  980.5   22.9   42.1
 20 10  7  2 45  0   13.8   67.5  980.4   22.6   42.7
 20 10  7  2 50  0   13.8   66.4  980.4   22.4   43.1
 20 10  7  2 55  0   13.9   65.9  980.2   22.4   43.3
 20 10  7  3  0  0   13.7   68.0  980.2   22.2   43.6
 20 10  7  3  5  0   13.5   69.6  980.1   22.3   43.6
 20 10  7  3 10  0   13.3   71.7  980.1   22.6   42.9
 20 10  7  3 15  0   13.2   72.2  980.1   22.9   42.3
 20 10  7  3 20  0   12.9   73.3  980.1   23.2   41.7
 20 10  7  3 25  0   12.9   74.8  980.1   23.3   41.2
 20 10  7  3 30  0   12.7   75.4  980.4   23.2   41.4
 20 10  7  3 35  0   12.7   76.4  980.5   22.9   42.1
 20 10  7  3 40  0   12.5   76.4  980.5   22.6   42.6
 20 10  7  3 45  0   12.6   76.4  980.4   22.5   43.0
 20 10  7  3 50  0   12.6   74.3  980.5   22.3   43.4
 20 10  7  3 55  0   12.6   75.4  980.5   22.4   43.4
 20 10  7  4  0  0   12.6   75.4  980.5   22.7   42.8
 20 10  7  4  5  0   12.6   75.4  980.5   23.0   42.1
 20 10  7  4 10  0   12.5   76.9  980.6   23.2   41.6
 20 10  7  4 15  0   12.6   74.3  980.5   23.3   41.2
 20 10  7  4 20  0   12.7   73.8  980.6   23.0   41.8
 20 10  7  4 25  0   12.7   74.8  980.6   22.8   42.4
 20 10  7  4 30  0   12.6   74.8  980.6   22.6   42.8
 20 10  7  4 35  0   12.6   74.8  980.7   22.5   43.1
 20 10  7  4 40  0   12.6   74.8  980.7   22.4   43.2
 20 10  7  4 45  0   12.6   74.8  980.8   22.4   43.4
 20 10  7  4 50  0   12.7   73.8  980.9   22.4   43.4
 20 10  7  4 55  0   12.9   71.7  980.9   22.7   42.7
 20 10  7  5  0  0   13.0   70.6  981.0   23.0   42.1
 20 10  7  5  5  0   13.0   71.2  981.2   23.2   41.6
 20 10  7  5 10  0   13.0   71.7  981.2   23.4   41.3
 20 10  7  5 15  0   12.8   72.7  981.3   23.1   41.6
 20 10  7  5 20  0   12.7   73.3  981.4   22.9   42.2
 20 10  7  5 25  0   12.8   73.3  981.4   22.6   42.7
 20 10  7  5 30  0   12.6   73.8  981.5   22.5   43.1
 20 10  7  5 35  0   12.6   74.3  981.5   22.4   43.4
 20 10  7  5 40  0   12.6   74.3  981.6   22.5   43.3
 20 10  7  5 45  0   12.5   74.8  981.8   22.8   42.6
 20 10  7  5 50  0   12.5   75.4  981.9   23.1   42.0
 20 10  7  5 55  0   12.6   74.8  981.8   23.3   41.6
 20 10  7  6  0  0   12.5   74.3  981.9   23.3   41.3
 20 10  7  6  5  0   12.5   74.3  982.1   23.0   41.9
 20 10  7  6 10  0   12.5   73.8  982.2   22.8   42.5
 20 10  7  6 15  0   12.6   73.8  982.2   22.6   42.9
 20 10  7  6 20  0   12.6   73.3  982.3   22.5   43.2
 20 10  7  6 25  0   12.7   72.2  982.3   22.4   43.4
 20 10  7  6 30  0   12.7   72.2  982.3   22.4   43.4
 20 10  7  6 35  0   12.7   72.2  982.3   22.7   42.8
 20 10  7  6 40  0   12.8   72.2  982.3   23.0   42.3
 20 10  7  6 45  0   12.8   71.7  982.3   23.2   41.7
 20 10  7  6 50  0   12.9   70.6  982.4   23.4   41.3
 20 10  7  6 55  0   13.0   70.6  982.4   23.1   41.7
 20 10  7  7  0  0   13.0   71.2  982.5   22.8   42.3
 20 10  7  7  5  0   13.1   70.6  982.6   22.6   42.8
 20 10  7  7 10  0   13.1   71.2  982.6   22.5   43.1
 20 10  7  7 15  0   13.2   71.2  982.7   22.4   43.4
 20 10  7  7 20  0   13.2   71.7  982.8   22.6   43.1
 20 10  7  7 25  0   13.1   71.7  982.9   22.9   42.4
 20 10  7  7 30  0   13.2   71.7  982.9   23.2   41.9
 20 10  7  7 35  0   13.2   71.7  983.0   23.4   41.4
 20 10  7  7 40  0   13.5   71.2  983.0   23.0   41.9
 20 10  7  7 45  0   13.4   71.7  983.0   22.8   42.5
 20 10  7  7 50  0   13.3   72.7  983.0   22.6   42.8
 20 10  7  7 55  0   13.3   72.7  983.1   22.5   43.2
 20 10  7  8  0  0   13.2   72.7  983.2   22.4   43.4
 20 10  7  8  5  0   13.3   72.7  983.2   22.4   43.4
 20 10  7  8 10  0   13.2   72.7  983.3   22.8   42.8
 20 10  7  8 15  0   13.4   72.7  983.3   23.0   42.2
 20 10  7  8 20  0   13.4   72.2  983.4   23.2   41.8
 20 10  7  8 25  0   13.5   72.2  983.5   23.4   41.2
 20 10  7  8 30  0   13.5   72.2  983.5   23.0   41.8
 20 10  7  8 35  0   13.7   71.7  983.5   22.8   42.4
 20 10  7  8 40  0   13.8   70.6  983.6   22.6   42.9
 20 10  7  8 45  0   14.0   69.6  983.6   22.5   43.2
 20 10  7  8 50  0   14.1   68.5  983.6   22.4   43.5
 20 10  7  8 55  0   14.3   66.4  983.6   22.3   43.6
 20 10  7  9  0  0   14.2   66.4  983.7   22.5   43.2
 20 10  7  9  5  0   14.3   66.4  983.8   22.8   42.6
 20 10  7  9 10  0   14.3   66.4  983.8   23.1   42.1
 20 10  7  9 15  0   14.4   66.4  983.8   23.3   41.6
 20 10  7  9 20  0   14.4   65.4  983.9   23.3   41.4
 20 10  7  9 25  0   14.6   65.4  983.9   22.9   42.0
 20 10  7  9 30  0   14.6   64.9  983.8   22.7   42.7
 20 10  7  9 35  0   14.5   64.9  983.8   22.5   43.2
 20 10  7  9 40  0   14.6   65.4  983.8   22.4   43.4
 20 10  7  9 45  0   14.7   65.9  983.8   22.7   42.9
 20 10  7  9 50  0   14.7   65.4  983.8   23.0   42.3
 20 10  7  9 55  0   14.8   66.4  983.8   23.2   41.7
 20 10  7 10  0  0   14.8   65.9  983.9   23.4   41.3
 20 10  7 10  5  0   15.0   65.4  983.8   23.0   42.0
 20 10  7 10 10  0   15.0   65.4  983.9   22.7   42.6
 20 10  7 10 15  0   15.1   65.4  983.9   22.6   42.9
 20 10  7 10 20  0   15.3   64.9  984.0   22.4   43.4
 20 10  7 10 25  0   15.4   64.9  984.0   22.4   43.4
 20 10  7 10 30  0   15.5   64.3  983.9   22.8   42.7
 20 10  7 10 35  0   15.4   63.8  984.0   23.1   42.0
 20 10  7 10 40  0   15.3   64.9  984.0   23.3   41.6
 20 10  7 10 45  0   15.2   65.4  984.0   23.1   41.7
 20 10  7 10 50  0   15.1   64.9  984.1   22.8   42.3
 20 10  7 10 55  0   15.1   64.9  984.1   22.6   42.9
 20 10  7 11  0  0   15.1   64.9  984.1   22.4   43.3
 20 10  7 11  5  0   15.1   64.3  984.1   22.3   43.6
 20 10  7 11 10  0   15.2   64.5  984.1   22.6   43.1
 20 10  7 11 15  0   15.5   63.8  984.1   22.9   42.4
 20 10  7 11 20  0   15.7   61.2  984.1   23.2   41.8
 20 10  7 11 25  0   15.6   61.7  984.1   23.4   41.4
 20 10  7 11 30  0   15.7   61.0  984.0   23.1   41.8
 20 10  7 11 35  0   16.0   58.6  984.1   22.8   42.4
 20 10  7 11 40  0   16.0   58.6  984.0   22.5   43.0
 20 10  7 11 45  0   16.0   57.5  984.0   22.4   43.4
 20 10  7 11 50  0   16.2   55.9  984.1   22.3   43.6
 20 10  7 11 55  0   16.3   53.9  984.1   22.5   43.3
 20 10  7 12  0  0   16.4   53.9  984.0   22.8   42.6
 20 10  7 12  5  0   16.3   54.9  984.0   23.1   42.0
 20 10  7 12 10  0   16.7   53.9  984.0   23.3   41.5
 20 10  7 12 15  0   16.6   54.4  984.1   23.1   41.7
 20 10  7 12 20  0   16.3   55.4  984.1   22.8   42.3
 20 10  7 12 25  0   16.0   56.5  984.1   22.6   42.8
 20 10  7 12 30  0   15.8   58.0  984.2   22.4   43.3
 20 10  7 12 35  0   15.9   58.6  984.2   22.4   43.4
 20 10  7 12 40  0   15.7   58.6  984.2   22.8   42.6
 20 10  7 12 45  0   15.4   59.6  984.3   23.1   42.0
 20 10  7 12 50  0   15.4   60.1  984.3   23.3   41.5
 20 10  7 12 55  0   15.4   60.1  984.3   23.1   41.6
 20 10  7 13  0  0   15.3   60.7  984.3   22.8   42.3
 20 10  7 13  5  0   15.2   60.1  984.3   22.6   42.9
 20 10  7 13 10  0   15.3   59.6  984.3   22.4   43.3
 20 10  7 13 15  0   15.3   60.1  984.3   22.3   43.6
 20 10  7 13 20  0   15.2   61.1  984.4   22.5   43.3
 20 10  7 13 25  0   15.3   60.1  984.4   22.8   42.6
 20 10  7 13 30  0   15.4   60.4  984.4   23.1   42.0
 20 10  7 13 35  0   15.3   60.7  984.3   23.3   41.5
 20 10  7 13 40  0   15.5   60.1  984.4   23.2   41.6
 20 10  7 13 45  0   15.7   59.6  984.4   22.9   42.2
 20 10  7 13 50  0   15.5   60.7  984.4   22.6   42.7
 20 10  7 13 55  0   15.5   60.1  984.4   22.4   43.2
 20 10  7 14  0  0   15.6   59.1  984.4   22.3   43.5
 20 10  7 14  5  0   15.6   59.6  984.5   22.5   43.3
 20 10  7 14 10  0   15.5   60.1  984.5   22.8   42.6
 20 10  7 14 15  0   15.6   59.6  984.5   23.1   42.0
 20 10  7 14 20  0   15.5   60.1  984.4   23.3   41.5
 20 10  7 14 25  0   15.2   60.7  984.4   23.1   41.7
 20 10  7 14 30  0   14.9   62.2  984.4   22.8   42.3
 20 10  7 14 35  0   14.8   62.8  984.4   22.6   42.8
 20 10  7 14 40  0   14.8   62.2  984.4   22.4   43.2
 20 10  7 14 45  0   14.7   62.8  984.5   22.3   43.5
 20 10  7 14 50  0   14.7   63.3  984.5   22.4   43.4
 20 10  7 14 55  0   14.6   63.3  984.6   22.7   42.8
 20 10  7 15  0  0   14.6   63.8  984.6   23.0   42.1
 20 10  7 15  5  0   14.6   63.8  984.7   23.3   41.6
 20 10  7 15 10  0   14.5   64.3  984.8   23.4   41.2
 20 10  7 15 15  0   14.5   64.3  984.8   23.0   41.8
 20 10  7 15 20  0   14.5   63.3  984.8   22.8   42.4
 20 10  7 15 25  0   14.5   63.8  984.9   22.6   42.8
 20 10  7 15 30  0   14.6   63.3  984.9   22.5   43.1
 20 10  7 15 35  0   14.7   63.3  984.9   22.4   43.3
 20 10  7 15 40  0   14.7   63.3  984.9   22.4   43.4
 20 10  7 15 45  0   14.6   63.3  985.0   22.7   42.8
 20 10  7 15 50  0   14.6   64.3  985.0   23.0   42.2
 20 10  7 15 55  0   14.6   64.3  985.0   23.2   41.6
 20 10  7 16  0  0   14.5   64.9  985.1   23.3   41.3
 20 10  7 16  5  0   14.4   65.4  985.1   23.0   41.9
 20 10  7 16 10  0   14.4   65.4  985.1   22.7   42.5
 20 10  7 16 15  0   14.4   65.9  985.1   22.6   42.9
 20 10  7 16 20  0   14.2   66.4  985.3   22.4   43.3
 20 10  7 16 25  0   14.2   66.4  985.4   22.3   43.4
 20 10  7 16 30  0   14.0   67.5  985.5   22.4   43.3
 20 10  7 16 35  0   13.9   68.0  985.5   22.8   42.6
 20 10  7 16 40  0   13.8   69.1  985.6   23.0   42.1
 20 10  7 16 45  0   13.7   69.6  985.7   23.2   41.6
 20 10  7 16 50  0   13.7   70.1  985.8   23.4   41.2
 20 10  7 16 55  0   13.6   70.1  985.8   23.0   41.8
 20 10  7 17  0  0   13.6   70.6  986.0   22.8   42.4
 20 10  7 17  5  0   13.6   70.6  986.0   22.6   42.8
 20 10  7 17 10  0   13.6   70.6  986.0   22.5   43.1
 20 10  7 17 15  0   13.6   71.2  986.0   22.4   43.3
 20 10  7 17 20  0   13.5   71.7  986.1   22.4   43.3
 20 10  7 17 25  0   13.6   71.7  986.2   22.6   43.1
 20 10  7 17 30  0   13.6   71.2  986.2   22.9   42.4
 20 10  7 17 35  0   13.5   71.2  986.3   23.1   41.9
 20 10  7 17 40  0   13.6   71.2  986.3   23.3   41.4
 20 10  7 17 45  0   13.4   71.2  986.3   23.2   41.4
 20 10  7 17 50  0   13.3   72.2  986.4   22.9   42.1
 20 10  7 17 55  0   13.3   72.2  986.3   22.7   42.5
 20 10  7 18  0  0   13.3   71.7  986.3   22.6   42.8
 20 10  7 18  5  0   13.3   71.7  986.4   22.5   43.1
 20 10  7 18 10  0   13.2   72.2  986.5   22.4   43.4
 20 10  7 18 15  0   13.2   72.7  986.5   22.6   43.0
 20 10  7 18 20  0   13.1   72.7  986.7   22.9   42.4
 20 10  7 18 25  0   13.0   73.3  986.8   23.1   41.9
 20 10  7 18 30  0   13.1   73.8  986.8   23.4   41.3
 20 10  7 18 35  0   12.9   73.8  986.9   23.2   41.5
 20 10  7 18 40  0   12.9   74.3  987.0   22.9   42.1
 20 10  7 18 45  0   12.9   73.8  987.0   22.7   42.6
 20 10  7 18 50  0   12.9   74.3  987.1   22.6   43.0
 20 10  7 18 55  0   12.9   74.3  987.1   22.4   43.3
 20 10  7 19  0  0   12.9   73.8  987.2   22.4   43.4
 20 10  7 19  5  0   12.9   74.3  987.2   22.3   43.5
 20 10  7 19 10  0   13.0   73.8  987.2   22.6   43.0
 20 10  7 19 15  0   12.8   74.3  987.4   22.9   42.4
 20 10  7 19 20  0   12.7   74.8  987.5   23.1   41.9
 20 10  7 19 25  0   12.8   74.3  987.5   23.3   41.4
 20 10  7 19 30  0   12.7   74.3  987.5   23.3   41.3
 20 10  7 19 35  0   12.7   74.8  987.6   23.0   42.0
 20 10  7 19 40  0   12.6   74.3  987.6   22.8   42.4
 20 10  7 19 45  0   12.6   74.8  987.7   22.6   42.8
 20 10  7 19 50  0   12.7   74.3  987.8   22.4   43.2
 20 10  7 19 55  0   12.6   74.3  987.9   22.4   43.4
 20 10  7 20  0  0   12.7   73.3  988.0   22.4   43.4
 20 10  7 20  5  0   12.8   73.3  988.0   22.7   42.8
 20 10  7 20 10  0   12.7   73.8  988.1   23.0   42.2
 20 10  7 20 15  0   12.6   74.3  988.2   23.2   41.6
 20 10  7 20 20  0   12.5   74.8  988.3   23.4   41.2
 20 10  7 20 25  0   12.4   74.8  988.4   23.1   41.7
 20 10  7 20 30  0   12.3   75.4  988.4   22.8   42.2
 20 10  7 20 35  0   12.6   74.3  988.4   22.7   42.7
 20 10  7 20 40  0   12.5   74.3  988.4   22.5   43.0
 20 10  7 20 45  0   12.5   73.8  988.4   22.4   43.4
 20 10  7 20 50  0   12.8   72.7  988.3   22.4   43.4
 20 10  7 20 55  0   12.7   73.3  988.4   22.3   43.5
 20 10  7 21  0  0   12.9   72.2  988.3   22.7   42.8
 20 10  7 21  5  0   12.7   73.3  988.4   23.0   42.2
 20 10  7 21 10  0   12.8   72.7  988.5   23.2   41.6
 20 10  7 21 15  0   12.6   73.3  988.5   23.4   41.2
 20 10  7 21 20  0   12.6   73.3  988.6   23.2   41.4
 20 10  7 21 25  0   12.6   72.7  988.6   22.9   42.0
 20 10  7 21 30  0   12.7   73.3  988.7   22.7   42.5
 20 10  7 21 35  0   12.6   73.3  988.7   22.6   42.8
 20 10  7 21 40  0   12.6   73.3  988.7   22.4   43.1
 20 10  7 21 45  0   12.6   73.3  988.8   22.4   43.2
 20 10  7 21 50  0   12.5   74.3  988.7   22.8   42.6
 20 10  7 21 55  0   12.4   75.4  988.8   23.0   42.1
 20 10  7 22  0  0   12.3   75.4  988.9   23.2   41.5
 20 10  7 22  5  0   12.1   76.4  989.0   23.4   41.1
 20 10  7 22 10  0   12.0   76.9  989.0   23.0   41.7
 20 10  7 22 15  0   12.0   76.9  989.1   22.8   42.3
 20 10  7 22 20  0   12.2   75.9  989.1   22.6   42.7
 20 10  7 22 25  0   12.0   76.9  989.1   22.5   42.9
 20 10  7 22 30  0   12.1   76.9  989.2   22.4   43.1
 20 10  7 22 35  0   12.2   76.9  989.2   22.4   43.2
 20 10  7 22 40  0   12.0   77.5  989.3   22.7   42.8
 20 10  7 22 45  0   12.1   76.9  989.3   22.9   42.3
 20 10  7 22 50  0   12.0   77.5  989.4   23.1   41.8
 20 10  7 22 55  0   12.1   76.9  989.3   23.3   41.3
 20 10  7 23  0  0   12.0   77.5  989.4   23.3   41.1
 20 10  7 23  5  0   11.9   77.5  989.4   23.0   41.9
 20 10  7 23 10  0   12.0   77.5  989.4   22.8   42.3
 20 10  7 23 15  0   12.0   77.5  989.4   22.6   42.7
 20 10  7 23 20  0   11.9   77.5  989.4   22.5   43.0
 20 10  7 23 25  0   11.8   78.0  989.4   22.4   43.2
 20 10  7 23 30  0   11.8   78.0  989.5   22.6   43.0
 20 10  7 23 35  0   11.9   77.5  989.5   22.9   42.3
 20 10  7 23 40  0   11.8   78.0  989.5   23.1   41.7
 20 10  7 23 45  0   11.8   77.5  989.5   23.3   41.3
 20 10  7 23 50  0   11.9   77.5  989.5   23.3   41.2
 20 10  7 23 55  0   11.8   78.0  989.6   23.0   41.8
