METEOROLOGICAL DATA  CCTF V1.0                              DATA TYPE
Eva2Rinex V2.0      BEV                 12-OCT-20 13:02     PGM / RUN BY / DATE
External sensor located close to GNSS antenna               COMMENT
Input file name: 20201008.TXT                               COMMENT
Internal (indoor) sensor data file: Vaisala_Data_20201008.T COMMENT
Height of PR sensor 291.8 m                                 COMMENT
BE1_                                                        LAB NAME
     5  TE    HE    PR    TI    HI                          # / TYPES OF OBSERV
KRONEIS EVA700      SN:700.092-12590592           0.1  TE   SENSOR MOD/TYPE/ACC
KRONEIS EVA700      SN:700.092-12590592           2.0  HE   SENSOR MOD/TYPE/ACC
KRONEIS EVA700      SN:700.092-12590592           0.3  PR   SENSOR MOD/TYPE/ACC
VAISALA HMT331      SN:S2220318                   0.1  TI   SENSOR MOD/TYPE/ACC
VAISALA HMT331      SN:S2220318                   1.5  HI   SENSOR MOD/TYPE/ACC
                                                            END OF HEADER
 20 10  8  0  0  0   11.8   77.5  989.6   22.7   42.4
 20 10  8  0  5  0   11.8   77.5  989.7   22.5   42.8
 20 10  8  0 10  0   11.8   77.5  989.7   22.4   43.1
 20 10  8  0 15  0   11.8   77.5  989.8   22.3   43.4
 20 10  8  0 20  0   11.8   76.9  989.9   22.6   43.0
 20 10  8  0 25  0   11.8   77.5  989.8   22.9   42.3
 20 10  8  0 30  0   11.8   76.9  989.8   23.2   41.7
 20 10  8  0 35  0   11.8   76.9  989.8   23.3   41.2
 20 10  8  0 40  0   11.8   76.9  989.9   23.0   41.6
 20 10  8  0 45  0   11.8   76.4  989.9   22.8   42.1
 20 10  8  0 50  0   11.8   76.9  989.9   22.6   42.6
 20 10  8  0 55  0   11.7   76.9  990.0   22.5   42.9
 20 10  8  1  0  0   11.7   76.9  990.1   22.4   43.2
 20 10  8  1  5  0   11.6   77.5  990.2   22.5   43.1
 20 10  8  1 10  0   11.6   77.5  990.1   22.8   42.5
 20 10  8  1 15  0   11.6   76.9  990.0   23.1   41.8
 20 10  8  1 20  0   11.7   76.4  990.0   23.3   41.4
 20 10  8  1 25  0   11.6   76.4  990.1   23.4   41.0
 20 10  8  1 30  0   11.8   75.4  990.1   23.0   41.7
 20 10  8  1 35  0   11.6   76.4  990.2   22.8   42.2
 20 10  8  1 40  0   11.6   76.4  990.2   22.6   42.6
 20 10  8  1 45  0   11.4   77.5  990.2   22.4   43.0
 20 10  8  1 50  0   11.5   76.9  990.2   22.4   43.2
 20 10  8  1 55  0   11.5   76.4  990.1   22.6   42.9
 20 10  8  2  0  0   11.4   76.9  990.2   22.9   42.2
 20 10  8  2  5  0   11.3   77.5  990.1   23.1   41.7
 20 10  8  2 10  0   11.3   78.0  990.3   23.4   41.1
 20 10  8  2 15  0   11.2   78.5  990.3   23.3   41.2
 20 10  8  2 20  0   11.2   78.5  990.3   22.9   41.8
 20 10  8  2 25  0   11.2   79.0  990.5   22.8   42.3
 20 10  8  2 30  0   11.2   79.0  990.5   22.6   42.7
 20 10  8  2 35  0   11.1   79.0  990.6   22.5   42.9
 20 10  8  2 40  0   11.2   78.0  990.7   22.5   43.0
 20 10  8  2 45  0   11.2   78.5  990.7   22.8   42.4
 20 10  8  2 50  0   11.2   79.0  990.8   23.1   41.8
 20 10  8  2 55  0   11.2   78.5  990.9   23.3   41.2
 20 10  8  3  0  0   11.0   79.6  991.0   23.3   41.1
 20 10  8  3  5  0   11.1   79.0  991.0   23.0   41.8
 20 10  8  3 10  0   11.1   79.0  991.0   22.7   42.3
 20 10  8  3 15  0   11.1   79.0  991.0   22.5   42.7
 20 10  8  3 20  0   11.0   79.6  991.1   22.5   43.0
 20 10  8  3 25  0   11.1   78.5  991.1   22.4   43.1
 20 10  8  3 30  0   11.1   78.5  991.2   22.7   42.6
 20 10  8  3 35  0   11.1   78.5  991.2   22.9   42.1
 20 10  8  3 40  0   11.0   79.0  991.3   23.2   41.5
 20 10  8  3 45  0   11.1   78.0  991.4   23.4   41.0
 20 10  8  3 50  0   11.1   78.5  991.5   23.0   41.7
 20 10  8  3 55  0   11.0   79.0  991.7   22.8   42.2
 20 10  8  4  0  0   11.0   79.6  991.7   22.6   42.6
 20 10  8  4  5  0   10.9   79.6  991.8   22.5   42.9
 20 10  8  4 10  0   10.9   79.6  991.9   22.4   43.1
 20 10  8  4 15  0   11.0   79.0  992.0   22.4   43.2
 20 10  8  4 20  0   11.0   78.5  992.0   22.7   42.6
 20 10  8  4 25  0   10.9   79.0  992.1   23.0   42.0
 20 10  8  4 30  0   10.9   79.0  992.1   23.2   41.4
 20 10  8  4 35  0   10.9   79.6  992.2   23.4   41.0
 20 10  8  4 40  0   10.9   79.0  992.2   23.2   41.2
 20 10  8  4 45  0   10.8   79.6  992.2   22.9   41.8
 20 10  8  4 50  0   10.7   80.1  992.3   22.8   42.3
 20 10  8  4 55  0   10.8   80.1  992.3   22.6   42.7
 20 10  8  5  0  0   10.8   79.6  992.3   22.4   43.0
 20 10  8  5  5  0   10.8   80.1  992.3   22.4   43.1
 20 10  8  5 10  0   10.8   79.6  992.4   22.6   42.7
 20 10  8  5 15  0   10.9   79.6  992.4   22.9   42.0
 20 10  8  5 20  0   10.8   80.1  992.4   23.2   41.5
 20 10  8  5 25  0   10.9   79.0  992.4   23.4   41.0
 20 10  8  5 30  0   10.9   79.6  992.5   23.1   41.3
 20 10  8  5 35  0   11.1   79.0  992.5   22.9   41.9
 20 10  8  5 40  0   11.1   78.5  992.5   22.7   42.4
 20 10  8  5 45  0   11.2   78.5  992.5   22.6   42.7
 20 10  8  5 50  0   11.2   78.5  992.6   22.5   42.9
 20 10  8  5 55  0   11.3   78.5  992.6   22.3   43.1
 20 10  8  6  0  0   11.3   78.5  992.7   22.6   42.7
 20 10  8  6  5  0   11.4   78.5  992.7   22.9   42.0
 20 10  8  6 10  0   11.5   78.0  992.8   23.2   41.5
 20 10  8  6 15  0   11.7   76.4  992.9   23.4   41.1
 20 10  8  6 20  0   11.8   76.4  992.9   23.1   41.3
 20 10  8  6 25  0   11.9   75.4  992.9   22.9   41.9
 20 10  8  6 30  0   12.0   75.9  992.9   22.6   42.4
 20 10  8  6 35  0   12.2   74.8  992.9   22.5   42.7
 20 10  8  6 40  0   12.3   75.4  993.0   22.3   43.2
 20 10  8  6 45  0   12.4   74.3  993.1   22.3   43.3
 20 10  8  6 50  0   12.5   73.8  993.1   22.7   42.6
 20 10  8  6 55  0   12.6   73.8  993.1   23.0   41.9
 20 10  8  7  0  0   12.8   72.7  993.1   23.2   41.4
 20 10  8  7  5  0   12.9   72.7  993.2   23.3   41.8
 20 10  8  7 10  0   13.1   71.7  993.2   23.0   42.4
 20 10  8  7 15  0   13.0   72.2  993.2   22.8   43.0
 20 10  8  7 20  0   13.2   71.7  993.2   22.5   43.4
 20 10  8  7 25  0   13.5   70.6  993.3   22.4   43.8
 20 10  8  7 30  0   13.7   70.1  993.3   22.3   44.0
 20 10  8  7 35  0   13.8   69.6  993.3   22.3   44.0
 20 10  8  7 40  0   13.9   69.1  993.2   22.7   43.1
 20 10  8  7 45  0   13.9   68.5  993.3   23.0   42.5
 20 10  8  7 50  0   13.9   69.1  993.3   23.2   42.0
 20 10  8  7 55  0   13.8   69.1  993.3   23.4   41.5
 20 10  8  8  0  0   13.8   69.1  993.3   23.1   41.9
 20 10  8  8  5  0   14.1   67.0  993.3   22.8   42.5
 20 10  8  8 10  0   14.1   68.0  993.3   22.7   42.9
 20 10  8  8 15  0   14.2   68.0  993.4   22.5   43.3
 20 10  8  8 20  0   14.5   64.3  993.4   22.4   43.5
 20 10  8  8 25  0   14.5   64.3  993.4   22.3   43.8
 20 10  8  8 30  0   14.6   62.8  993.4   22.4   44.0
 20 10  8  8 35  0   14.7   63.3  993.5   22.8   43.3
 20 10  8  8 40  0   15.1   61.2  993.5   23.1   42.6
 20 10  8  8 45  0   15.1   61.7  993.5   23.3   42.1
 20 10  8  8 50  0   15.3   60.7  993.5   23.1   42.5
 20 10  8  8 55  0   15.4   60.7  993.5   22.9   42.9
 20 10  8  9  0  0   15.6   59.6  993.6   22.9   43.0
 20 10  8  9  5  0   15.7   59.6  993.7   22.8   43.0
 20 10  8  9 10  0   15.6   58.6  993.7   22.8   43.0
 20 10  8  9 15  0   15.4   60.7  993.7   22.7   43.2
 20 10  8  9 20  0   15.4   60.1  993.7   22.6   43.4
 20 10  8  9 25  0   15.6   59.1  993.6   22.6   43.6
 20 10  8  9 30  0   15.6   59.6  993.5   22.7   43.6
 20 10  8  9 35  0   15.7   59.6  993.5   22.7   44.0
 20 10  8  9 40  0   15.8   59.1  993.6   22.6   44.3
 20 10  8  9 45  0   15.7   59.1  993.6   22.6   44.6
 20 10  8  9 50  0   15.8   59.1  993.6   22.6   45.1
 20 10  8  9 55  0   15.7   59.1  993.6   22.7   45.2
 20 10  8 10  0  0   15.9   57.0  993.5   22.6   45.3
 20 10  8 10  5  0   16.0   58.6  993.5   22.6   45.2
 20 10  8 10 10  0   16.3   56.6  993.4   22.5   45.2
 20 10  8 10 15  0   16.7   54.4  993.2   22.5   45.1
 20 10  8 10 20  0   16.6   53.9  993.2   22.5   45.1
 20 10  8 10 25  0   16.8   53.9  993.2   22.4   45.1
 20 10  8 10 30  0   16.6   52.8  993.1   22.5   44.9
 20 10  8 10 35  0   16.5   52.8  993.0   22.8   44.1
 20 10  8 10 40  0   16.6   53.3  993.1   23.2   43.3
 20 10  8 10 45  0   16.4   53.9  993.1   23.4   42.6
 20 10  8 10 50  0   16.4   53.3  993.1   23.1   42.9
 20 10  8 10 55  0   16.5   53.3  993.1   22.9   43.3
 20 10  8 11  0  0   16.9   52.3  993.1   22.8   43.6
 20 10  8 11  5  0   17.2   51.8  993.1   22.7   43.8
 20 10  8 11 10  0   17.1   51.2  993.0   22.5   44.0
 20 10  8 11 15  0   16.8   51.8  993.0   22.5   44.1
 20 10  8 11 20  0   16.7   51.8  992.9   22.6   44.0
 20 10  8 11 25  0   16.8   51.2  992.9   22.9   43.3
 20 10  8 11 30  0   16.7   52.3  992.9   23.2   42.6
 20 10  8 11 35  0   16.8   49.7  992.9   23.4   42.0
 20 10  8 11 40  0   16.4   51.2  992.9   23.2   42.2
 20 10  8 11 45  0   16.4   51.8  992.9   23.0   42.6
 20 10  8 11 50  0   16.7   51.2  992.8   22.8   43.0
 20 10  8 11 55  0   16.8   50.7  992.8   22.7   43.3
 20 10  8 12  0  0   17.0   49.7  992.8   22.6   43.7
 20 10  8 12  5  0   16.7   50.7  992.8   22.6   43.8
 20 10  8 12 10  0   16.7   50.7  992.8   22.5   44.1
 20 10  8 12 15  0   17.0   49.7  992.8   22.5   44.4
 20 10  8 12 20  0   16.9   49.7  992.8   22.5   44.5
 20 10  8 12 25  0   16.8   49.7  992.7   22.5   44.6
 20 10  8 12 30  0   16.6   50.2  992.8   22.5   44.8
 20 10  8 12 35  0   16.6   50.7  992.8   22.6   44.8
 20 10  8 12 40  0   16.8   50.7  992.7   22.6   45.1
 20 10  8 12 45  0   17.0   48.6  992.6   22.6   45.3
 20 10  8 12 50  0   17.5   48.6  992.6   22.6   45.5
 20 10  8 12 55  0   17.7   48.1  992.6   22.6   45.6
 20 10  8 13  0  0   17.7   48.6  992.6   22.5   45.6
 20 10  8 13  5  0   17.5   49.7  992.5   22.4   45.6
 20 10  8 13 10  0   17.4   50.7  992.5   22.3   45.7
 20 10  8 13 15  0   17.1   52.3  992.6   22.3   45.7
 20 10  8 13 20  0   17.0   51.2  992.6   22.2   45.6
 20 10  8 13 25  0   17.0   51.8  992.5   22.6   44.9
 20 10  8 13 30  0   17.0   52.3  992.5   23.0   44.1
 20 10  8 13 35  0   17.0   51.8  992.6   23.2   43.6
 20 10  8 13 40  0   16.7   53.3  992.6   23.2   44.4
 20 10  8 13 45  0   16.7   52.8  992.6   23.1   45.1
 20 10  8 13 50  0   16.6   51.8  992.5   22.9   45.8
 20 10  8 13 55  0   16.7   51.8  992.5   22.9   46.3
 20 10  8 14  0  0   16.6   52.3  992.4   23.0   46.5
 20 10  8 14  5  0   16.6   52.3  992.3   23.0   46.8
 20 10  8 14 10  0   16.5   53.3  992.4   22.9   46.7
 20 10  8 14 15  0   16.4   54.4  992.3   22.9   47.0
 20 10  8 14 20  0   16.4   54.9  992.3   22.9   47.8
 20 10  8 14 25  0   16.4   54.9  992.4   22.9   47.6
 20 10  8 14 30  0   16.4   54.9  992.4   22.9   48.0
 20 10  8 14 35  0   16.4   55.4  992.4   22.8   48.4
 20 10  8 14 40  0   16.4   55.4  992.4   22.9   48.4
 20 10  8 14 45  0   16.5   54.9  992.4   22.9   48.4
 20 10  8 14 50  0   16.4   55.4  992.4   22.9   48.4
 20 10  8 14 55  0   16.5   55.4  992.3   22.9   48.5
 20 10  8 15  0  0   16.7   53.9  992.3   22.9   48.6
 20 10  8 15  5  0   16.8   54.4  992.3   22.9   48.2
 20 10  8 15 10  0   16.7   54.4  992.3   22.8   48.1
 20 10  8 15 15  0   16.7   54.4  992.3   22.7   48.0
 20 10  8 15 20  0   16.9   52.8  992.3   22.7   47.9
 20 10  8 15 25  0   16.8   53.3  992.4   22.6   48.0
 20 10  8 15 30  0   16.8   53.9  992.4   22.5   48.0
 20 10  8 15 35  0   16.7   54.4  992.5   22.4   48.0
 20 10  8 15 40  0   16.5   55.4  992.5   22.3   48.0
 20 10  8 15 45  0   16.3   56.5  992.5   22.3   47.9
 20 10  8 15 50  0   16.2   57.0  992.5   22.3   47.8
 20 10  8 15 55  0   16.0   57.5  992.5   22.2   47.7
 20 10  8 16  0  0   15.9   58.0  992.5   22.3   47.4
 20 10  8 16  5  0   15.7   58.6  992.5   22.7   46.6
 20 10  8 16 10  0   15.6   59.1  992.5   23.0   45.7
 20 10  8 16 15  0   15.4   60.1  992.5   23.3   45.0
 20 10  8 16 20  0   15.3   60.7  992.6   23.0   45.3
 20 10  8 16 25  0   15.2   60.7  992.5   22.8   45.7
 20 10  8 16 30  0   15.2   61.2  992.5   22.7   46.0
 20 10  8 16 35  0   15.1   61.7  992.6   22.6   46.2
 20 10  8 16 40  0   15.0   61.7  992.6   22.5   46.3
 20 10  8 16 45  0   14.9   62.2  992.6   22.4   46.4
 20 10  8 16 50  0   14.8   62.2  992.6   22.3   46.5
 20 10  8 16 55  0   14.7   63.3  992.6   22.3   46.5
 20 10  8 17  0  0   14.6   63.3  992.6   22.3   46.4
 20 10  8 17  5  0   14.5   63.8  992.6   22.3   46.4
 20 10  8 17 10  0   14.4   64.3  992.6   22.3   46.4
 20 10  8 17 15  0   14.3   64.9  992.6   22.6   45.7
 20 10  8 17 20  0   14.2   65.4  992.6   22.9   44.9
 20 10  8 17 25  0   14.1   65.9  992.6   23.2   44.3
 20 10  8 17 30  0   14.0   65.9  992.6   23.1   44.1
 20 10  8 17 35  0   14.0   66.4  992.6   22.9   44.5
 20 10  8 17 40  0   13.9   67.0  992.6   22.8   44.8
 20 10  8 17 45  0   13.8   67.0  992.7   22.7   45.0
 20 10  8 17 50  0   13.7   67.0  992.7   22.6   45.2
 20 10  8 17 55  0   13.7   67.0  992.7   22.5   45.3
 20 10  8 18  0  0   13.7   67.0  992.7   22.4   45.4
 20 10  8 18  5  0   13.6   67.5  992.7   22.4   45.5
 20 10  8 18 10  0   13.6   67.5  992.7   22.3   45.5
 20 10  8 18 15  0   13.6   67.5  992.7   22.3   45.5
 20 10  8 18 20  0   13.5   68.0  992.7   22.3   45.6
 20 10  8 18 25  0   13.4   68.0  992.7   22.3   45.4
 20 10  8 18 30  0   13.4   68.0  992.8   22.7   44.8
 20 10  8 18 35  0   13.4   68.0  992.8   23.0   44.0
 20 10  8 18 40  0   13.4   68.0  992.8   23.2   43.4
 20 10  8 18 45  0   13.4   68.5  992.8   23.2   43.3
 20 10  8 18 50  0   13.3   69.1  992.8   22.9   43.7
 20 10  8 18 55  0   13.1   69.6  992.9   22.8   44.1
 20 10  8 19  0  0   13.0   70.1  992.9   22.7   44.3
 20 10  8 19  5  0   12.9   71.2  992.9   22.6   44.6
 20 10  8 19 10  0   12.9   70.6  993.0   22.5   44.8
 20 10  8 19 15  0   12.7   71.2  993.0   22.4   44.9
 20 10  8 19 20  0   12.7   71.2  993.0   22.3   44.9
 20 10  8 19 25  0   12.7   71.7  993.0   22.3   45.0
 20 10  8 19 30  0   12.7   71.7  993.0   22.3   44.9
 20 10  8 19 35  0   12.7   71.7  993.0   22.7   44.3
 20 10  8 19 40  0   12.7   71.7  993.0   22.9   43.6
 20 10  8 19 45  0   12.7   71.7  993.0   23.2   43.0
 20 10  8 19 50  0   12.7   71.7  993.1   23.1   43.1
 20 10  8 19 55  0   12.6   72.2  993.1   22.9   43.5
 20 10  8 20  0  0   12.5   72.7  993.1   22.7   43.8
 20 10  8 20  5  0   12.3   73.8  993.2   22.6   44.0
 20 10  8 20 10  0   12.2   74.3  993.2   22.6   44.2
 20 10  8 20 15  0   12.1   74.3  993.1   22.5   44.4
 20 10  8 20 20  0   12.1   74.3  993.1   22.4   44.5
 20 10  8 20 25  0   12.1   74.3  993.1   22.4   44.5
 20 10  8 20 30  0   12.2   73.3  993.1   22.4   44.6
 20 10  8 20 35  0   12.1   74.3  993.1   22.3   44.6
 20 10  8 20 40  0   12.1   74.3  993.1   22.3   44.7
 20 10  8 20 45  0   11.9   75.4  993.2   22.4   44.4
 20 10  8 20 50  0   11.7   76.4  993.2   22.7   43.8
 20 10  8 20 55  0   11.6   76.9  993.1   23.0   43.1
 20 10  8 21  0  0   11.4   76.9  993.1   23.3   42.6
 20 10  8 21  5  0   11.4   77.5  993.1   23.0   42.8
 20 10  8 21 10  0   11.3   78.0  993.1   22.9   43.2
 20 10  8 21 15  0   11.3   78.0  993.1   22.8   43.5
 20 10  8 21 20  0   11.3   77.5  993.1   22.6   43.8
 20 10  8 21 25  0   11.5   76.4  993.1   22.5   44.0
 20 10  8 21 30  0   11.7   76.4  993.1   22.4   44.2
 20 10  8 21 35  0   11.8   75.4  993.0   22.3   44.4
 20 10  8 21 40  0   11.9   74.8  993.1   22.3   44.5
 20 10  8 21 45  0   12.0   75.2  993.0   22.2   44.6
 20 10  8 21 50  0   12.0   74.8  992.9   22.5   44.2
 20 10  8 21 55  0   12.0   74.8  992.8   22.8   43.4
 20 10  8 22  0  0   12.0   74.3  992.7   23.1   42.8
 20 10  8 22  5  0   12.0   74.3  992.7   23.3   42.2
 20 10  8 22 10  0   12.0   74.3  992.7   23.0   42.6
 20 10  8 22 15  0   11.9   74.8  992.7   22.9   42.9
 20 10  8 22 20  0   11.8   75.9  992.8   22.8   43.3
 20 10  8 22 25  0   11.6   76.4  992.8   22.6   43.6
 20 10  8 22 30  0   11.5   76.9  992.7   22.5   43.8
 20 10  8 22 35  0   11.4   76.9  992.8   22.4   44.0
 20 10  8 22 40  0   11.4   77.5  992.7   22.3   44.1
 20 10  8 22 45  0   11.3   76.9  992.6   22.3   44.3
 20 10  8 22 50  0   11.3   76.9  992.6   22.4   44.0
 20 10  8 22 55  0   11.3   77.5  992.5   22.8   43.4
 20 10  8 23  0  0   11.2   78.0  992.5   23.0   42.8
 20 10  8 23  5  0   11.1   78.5  992.6   23.2   42.2
 20 10  8 23 10  0   11.2   77.5  992.6   23.0   42.5
 20 10  8 23 15  0   11.4   76.4  992.5   22.9   42.8
 20 10  8 23 20  0   11.6   74.3  992.4   22.7   43.1
 20 10  8 23 25  0   11.7   73.8  992.5   22.6   43.4
 20 10  8 23 30  0   11.8   74.3  992.5   22.5   43.6
 20 10  8 23 35  0   11.7   74.3  992.4   22.5   43.8
 20 10  8 23 40  0   11.7   75.4  992.5   22.4   44.0
 20 10  8 23 45  0   11.6   75.9  992.5   22.3   44.0
 20 10  8 23 50  0   11.5   76.4  992.6   22.3   44.1
 20 10  8 23 55  0   11.3   77.5  992.6   22.3   44.1
