METEOROLOGICAL DATA  CCTF V1.0                              DATA TYPE
Eva2Rinex V2.0      BEV                 12-OCT-20 13:02     PGM / RUN BY / DATE
External sensor located close to GNSS antenna               COMMENT
Input file name: 20201006.TXT                               COMMENT
Internal (indoor) sensor data file: Vaisala_Data_20201006.T COMMENT
Height of PR sensor 291.8 m                                 COMMENT
BE1_                                                        LAB NAME
     5  TE    HE    PR    TI    HI                          # / TYPES OF OBSERV
KRONEIS EVA700      SN:700.092-12590592           0.1  TE   SENSOR MOD/TYPE/ACC
KRONEIS EVA700      SN:700.092-12590592           2.0  HE   SENSOR MOD/TYPE/ACC
KRONEIS EVA700      SN:700.092-12590592           0.3  PR   SENSOR MOD/TYPE/ACC
VAISALA HMT331      SN:S2220318                   0.1  TI   SENSOR MOD/TYPE/ACC
VAISALA HMT331      SN:S2220318                   1.5  HI   SENSOR MOD/TYPE/ACC
                                                            END OF HEADER
 20 10  6  0  0  0   10.9   75.9  983.0   22.5   43.2
 20 10  6  0  5  0   10.8   75.9  983.0   22.7   43.0
 20 10  6  0 10  0   10.7   75.9  983.0   23.0   42.4
 20 10  6  0 15  0   10.7   75.9  983.1   23.2   41.9
 20 10  6  0 20  0   10.7   75.9  983.1   23.4   41.5
 20 10  6  0 25  0   10.7   74.8  983.1   23.1   41.8
 20 10  6  0 30  0   10.8   75.4  983.1   22.9   42.3
 20 10  6  0 35  0   10.7   74.8  983.2   22.7   42.6
 20 10  6  0 40  0   10.7   74.8  983.1   22.6   43.0
 20 10  6  0 45  0   10.7   75.4  983.1   22.5   43.2
 20 10  6  0 50  0   10.8   73.8  983.1   22.5   43.2
 20 10  6  0 55  0   11.0   74.2  983.0   22.8   42.6
 20 10  6  1  0  0   11.0   73.8  983.0   23.1   42.1
 20 10  6  1  5  0   11.0   73.8  983.1   23.2   41.6
 20 10  6  1 10  0   11.0   72.7  983.1   23.2   41.4
 20 10  6  1 15  0   10.9   73.3  983.1   23.0   41.9
 20 10  6  1 20  0   11.0   73.3  983.0   22.8   42.3
 20 10  6  1 25  0   10.9   73.8  983.0   22.7   42.6
 20 10  6  1 30  0   11.0   73.3  982.9   22.6   42.9
 20 10  6  1 35  0   11.1   73.8  982.8   22.6   42.9
 20 10  6  1 40  0   11.1   73.8  982.8   22.9   42.3
 20 10  6  1 45  0   11.0   74.8  982.8   23.1   41.8
 20 10  6  1 50  0   11.0   74.8  982.8   23.3   41.3
 20 10  6  1 55  0   10.8   74.8  982.7   23.2   41.5
 20 10  6  2  0  0   10.8   75.1  982.7   22.9   42.0
 20 10  6  2  5  0   10.7   75.4  982.7   22.8   42.3
 20 10  6  2 10  0   10.6   74.8  982.6   22.7   42.5
 20 10  6  2 15  0   10.7   75.4  982.6   22.6   42.8
 20 10  6  2 20  0   10.9   75.4  982.6   22.5   43.0
 20 10  6  2 25  0   11.0   74.3  982.6   22.8   42.5
 20 10  6  2 30  0   11.1   73.8  982.6   23.0   42.0
 20 10  6  2 35  0   10.7   74.8  982.6   23.3   41.4
 20 10  6  2 40  0   10.8   74.8  982.6   23.3   41.1
 20 10  6  2 45  0   10.6   75.9  982.7   23.1   41.6
 20 10  6  2 50  0   10.7   76.4  982.8   22.9   42.0
 20 10  6  2 55  0   10.5   76.9  982.8   22.8   42.3
 20 10  6  3  0  0   10.3   77.5  982.9   22.6   42.6
 20 10  6  3  5  0   10.2   78.5  983.0   22.5   42.9
 20 10  6  3 10  0   10.0   79.6  983.1   22.7   42.6
 20 10  6  3 15  0   10.0   79.6  983.1   23.0   42.0
 20 10  6  3 20  0   10.1   79.6  983.2   23.2   41.5
 20 10  6  3 25  0   10.2   79.0  983.3   23.4   41.0
 20 10  6  3 35  0   10.2   79.0  983.3   22.9   41.8
 20 10  6  3 40  0   10.2   79.0  983.2   22.8   42.1
 20 10  6  3 45  0   10.3   79.0  983.3   22.7   42.4
 20 10  6  3 50  0   10.2   79.6  983.3   22.5   42.7
 20 10  6  3 55  0   10.3   79.0  983.2   22.5   42.9
 20 10  6  4  0  0   10.3   79.0  983.3   22.7   42.5
 20 10  6  4  5  0   10.2   79.6  983.4   23.0   41.9
 20 10  6  4 10  0    9.8   81.1  983.5   23.2   41.4
 20 10  6  4 15  0    9.8   81.1  983.5   23.3   41.2
 20 10  6  4 20  0    9.6   81.7  983.4   23.0   41.8
 20 10  6  4 25  0    9.7   81.7  983.5   22.8   42.2
 20 10  6  4 30  0    9.8   80.6  983.4   22.7   42.4
 20 10  6  4 35  0    9.9   81.1  983.4   22.5   42.8
 20 10  6  4 40  0    9.7   81.7  983.4   22.5   42.9
 20 10  6  4 45  0    9.6   81.7  983.4   22.8   42.4
 20 10  6  4 50  0    9.6   82.2  983.6   23.0   41.9
 20 10  6  4 55  0    9.5   82.7  983.6   23.3   41.4
 20 10  6  5  0  0    9.4   83.2  983.6   23.4   41.1
 20 10  6  5  5  0    9.4   83.2  983.7   23.0   41.6
 20 10  6  5 10  0    9.4   82.7  983.8   22.9   42.0
 20 10  6  5 15  0    9.4   82.7  983.8   22.7   42.5
 20 10  6  5 20  0    9.4   82.7  983.7   22.5   42.8
 20 10  6  5 25  0    9.5   82.2  983.8   22.5   43.0
 20 10  6  5 30  0    9.6   82.2  983.8   22.7   42.6
 20 10  6  5 35  0    9.9   81.7  983.8   23.0   42.0
 20 10  6  5 40  0   10.2   80.6  983.8   23.2   41.5
 20 10  6  5 45  0   10.7   78.5  983.8   23.3   41.2
 20 10  6  5 50  0   10.8   78.5  983.8   23.0   41.7
 20 10  6  5 55  0   11.2   76.9  983.8   22.8   42.2
 20 10  6  6  0  0   11.6   75.4  983.8   22.7   42.5
 20 10  6  6  5  0   11.8   75.4  983.8   22.5   42.8
 20 10  6  6 10  0   11.9   74.3  983.9   22.5   43.0
 20 10  6  6 15  0   12.1   73.3  983.9   22.6   42.8
 20 10  6  6 20  0   12.4   72.2  983.9   22.9   42.2
 20 10  6  6 25  0   12.9   70.1  984.0   23.1   41.7
 20 10  6  6 30  0   13.0   69.6  983.9   23.3   41.2
 20 10  6  6 35  0   12.8   70.1  984.0   23.2   41.3
 20 10  6  6 40  0   12.9   69.6  984.0   22.9   41.9
 20 10  6  6 45  0   12.9   67.5  984.1   22.8   42.2
 20 10  6  6 50  0   13.2   67.5  984.1   22.6   42.6
 20 10  6  6 55  0   13.6   65.4  984.2   22.5   42.8
 20 10  6  7  0  0   13.6   65.4  984.1   22.5   43.0
 20 10  6  7  5  0   14.0   62.8  984.1   22.8   42.4
 20 10  6  7 10  0   14.1   61.7  984.2   23.0   41.9
 20 10  6  7 15  0   14.1   61.2  984.2   23.2   41.5
 20 10  6  7 20  0   14.2   59.1  984.2   23.3   41.2
 20 10  6  7 25  0   14.4   60.1  984.2   23.0   41.8
 20 10  6  7 30  0   14.6   58.6  984.2   22.8   42.2
 20 10  6  7 35  0   14.9   58.0  984.1   22.7   42.5
 20 10  6  7 40  0   14.8   59.1  984.1   22.6   42.8
 20 10  6  7 45  0   14.9   58.6  984.1   22.4   43.0
 20 10  6  7 50  0   15.0   58.0  984.1   22.4   43.2
 20 10  6  7 55  0   15.2   57.5  984.1   22.7   42.6
 20 10  6  8  0  0   15.4   57.0  984.0   23.0   42.1
 20 10  6  8  5  0   15.4   55.4  984.0   23.2   41.5
 20 10  6  8 10  0   15.3   57.0  983.9   23.4   41.2
 20 10  6  8 15  0   15.5   56.5  984.0   23.2   41.3
 20 10  6  8 20  0   15.4   57.0  984.0   23.0   41.8
 20 10  6  8 25  0   15.4   57.0  983.9   22.8   42.3
 20 10  6  8 30  0   15.3   57.5  983.9   22.6   42.7
 20 10  6  8 35  0   15.4   57.5  983.9   22.5   42.9
 20 10  6  8 40  0   15.5   57.0  983.9   22.9   42.4
 20 10  6  8 45  0   15.6   57.0  983.8   23.1   41.7
 20 10  6  8 50  0   15.9   57.0  983.8   23.3   41.3
 20 10  6  8 55  0   16.3   55.9  983.8   23.4   41.1
 20 10  6  9  0  0   16.2   55.9  983.8   23.0   41.7
 20 10  6  9  5  0   16.3   56.5  983.8   22.8   42.2
 20 10  6  9 10  0   16.7   55.9  983.8   22.6   42.6
 20 10  6  9 15  0   16.9   55.4  983.8   22.6   42.8
 20 10  6  9 20  0   17.1   54.4  983.7   22.5   43.0
 20 10  6  9 25  0   17.2   54.4  983.7   22.8   42.5
 20 10  6  9 30  0   17.0   55.4  983.6   23.0   41.9
 20 10  6  9 35  0   16.8   56.5  983.6   23.3   41.4
 20 10  6  9 40  0   17.2   54.4  983.5   23.4   41.0
 20 10  6  9 45  0   17.4   53.9  983.5   23.1   41.5
 20 10  6  9 50  0   17.0   55.4  983.4   22.9   42.1
 20 10  6  9 55  0   17.5   53.9  983.3   22.8   42.4
 20 10  6 10  0  0   17.9   52.8  983.3   22.7   43.2
 20 10  6 10  5  0   17.8   52.8  983.3   22.6   43.8
 20 10  6 10 10  0   17.9   51.8  983.3   22.4   44.1
 20 10  6 10 15  0   17.6   50.7  983.4   22.7   43.6
 20 10  6 10 20  0   17.9   50.2  983.4   23.0   42.8
 20 10  6 10 25  0   18.0   49.7  983.3   23.3   42.2
 20 10  6 10 30  0   18.2   47.0  983.3   23.3   42.0
 20 10  6 10 35  0   18.4   46.5  983.2   22.9   42.7
 20 10  6 10 40  0   18.5   45.5  983.1   22.6   43.3
 20 10  6 10 45  0   18.6   44.4  983.0   22.5   43.6
 20 10  6 10 50  0   18.6   44.9  983.0   22.4   43.8
 20 10  6 10 55  0   18.5   44.9  983.0   22.8   43.1
 20 10  6 11  0  0   18.8   45.5  982.9   23.0   42.5
 20 10  6 11  5  0   19.0   44.9  982.8   23.3   41.9
 20 10  6 11 10  0   19.2   43.4  982.7   23.4   41.6
 20 10  6 11 15  0   19.2   42.8  982.7   23.0   42.3
 20 10  6 11 20  0   19.3   41.8  982.6   22.8   42.8
 20 10  6 11 25  0   19.3   41.8  982.5   22.6   43.2
 20 10  6 11 30  0   19.2   40.7  982.5   22.4   43.5
 20 10  6 11 35  0   19.5   41.3  982.4   22.4   43.8
 20 10  6 11 40  0   19.3   41.3  982.3   22.6   43.3
 20 10  6 11 45  0   19.3   39.2  982.3   23.1   42.6
 20 10  6 11 50  0   19.4   38.6  982.2   23.3   41.8
 20 10  6 11 55  0   19.7   37.6  982.2   23.1   41.9
 20 10  6 12  0  0   19.9   35.5  982.1   22.9   42.6
 20 10  6 12  5  0   20.3   36.5  982.0   22.6   43.1
 20 10  6 12 10  0   20.9   35.5  981.9   22.5   43.4
 20 10  6 12 15  0   20.5   36.5  981.9   22.3   43.8
 20 10  6 12 20  0   20.4   35.0  981.9   22.4   43.5
 20 10  6 12 25  0   20.2   35.0  981.7   22.7   42.7
 20 10  6 12 30  0   20.1   36.0  981.6   23.0   42.1
 20 10  6 12 35  0   20.1   37.1  981.5   23.2   41.5
 20 10  6 12 40  0   20.8   35.5  981.5   23.4   41.1
 20 10  6 12 45  0   20.7   35.5  981.5   23.1   41.7
 20 10  6 12 50  0   20.4   35.0  981.4   22.8   42.4
 20 10  6 12 55  0   20.2   35.5  981.4   22.6   42.8
 20 10  6 13  0  0   20.6   35.0  981.3   22.4   43.2
 20 10  6 13  5  0   20.6   35.5  981.4   22.3   43.4
 20 10  6 13 10  0   20.3   46.9  981.5   22.7   42.8
 20 10  6 13 15  0   20.0   50.2  981.5   23.0   42.2
 20 10  6 13 20  0   19.8   50.7  981.5   23.2   41.6
 20 10  6 13 25  0   19.5   51.8  981.4   23.2   41.5
 20 10  6 13 30  0   19.4   50.7  981.4   22.9   42.1
 20 10  6 13 35  0   19.2   51.2  981.4   22.7   42.6
 20 10  6 13 40  0   19.3   51.8  981.4   22.5   43.0
 20 10  6 13 45  0   19.0   52.8  981.3   22.3   43.4
 20 10  6 13 50  0   18.9   53.3  981.2   22.4   43.3
 20 10  6 13 55  0   18.6   52.3  981.2   22.8   42.7
 20 10  6 14  0  0   18.5   51.8  981.1   23.0   42.0
 20 10  6 14  5  0   18.4   52.8  981.2   23.3   41.5
 20 10  6 14 10  0   18.2   60.1  981.2   23.2   41.4
 20 10  6 14 15  0   17.9   61.0  981.1   22.9   42.1
 20 10  6 14 20  0   18.0   60.7  981.1   22.6   42.7
 20 10  6 14 25  0   17.9   60.1  981.0   22.5   43.2
 20 10  6 14 30  0   17.9   59.1  981.0   22.4   43.4
 20 10  6 14 35  0   17.7   59.6  981.0   22.6   43.0
 20 10  6 14 40  0   17.7   59.1  980.9   22.9   42.3
 20 10  6 14 45  0   17.6   59.1  981.0   23.2   41.8
 20 10  6 14 50  0   17.5   59.1  981.0   23.3   41.4
 20 10  6 14 55  0   17.6   59.1  981.1   23.0   42.0
 20 10  6 15  0  0   17.6   58.6  981.1   22.7   42.5
 20 10  6 15  5  0   17.5   58.6  981.0   22.5   43.0
 20 10  6 15 10  0   17.6   58.0  981.0   22.4   43.4
 20 10  6 15 15  0   17.7   57.0  980.9   22.3   43.7
 20 10  6 15 20  0   17.7   56.9  980.9   22.6   43.1
 20 10  6 15 25  0   17.6   57.0  980.9   22.9   42.4
 20 10  6 15 30  0   17.7   55.9  980.9   23.2   41.8
 20 10  6 15 35  0   17.7   55.9  980.9   23.3   41.5
 20 10  6 15 40  0   17.7   55.4  980.9   23.0   42.1
 20 10  6 15 45  0   17.7   55.4  980.9   22.7   42.6
 20 10  6 15 50  0   17.6   55.4  980.8   22.5   43.1
 20 10  6 15 55  0   17.5   55.4  980.8   22.4   43.4
 20 10  6 16  0  0   17.4   55.4  980.6   22.6   43.0
 20 10  6 16  5  0   17.3   57.0  980.7   23.0   42.4
 20 10  6 16 10  0   17.1   58.6  980.7   23.2   41.8
 20 10  6 16 15  0   17.0   59.6  980.7   23.4   41.3
 20 10  6 16 20  0   17.0   61.2  980.6   23.1   41.8
 20 10  6 16 25  0   16.9   61.7  980.6   22.7   42.5
 20 10  6 16 30  0   16.9   62.2  980.5   22.6   42.9
 20 10  6 16 35  0   16.9   62.8  980.4   22.4   43.3
 20 10  6 16 40  0   16.9   63.3  980.4   22.4   43.5
 20 10  6 16 45  0   16.9   64.1  980.3   22.7   42.9
 20 10  6 16 50  0   16.7   64.9  980.3   23.0   42.2
 20 10  6 16 55  0   16.7   65.4  980.2   23.3   41.7
 20 10  6 17  0  0   16.7   65.9  980.1   23.4   41.4
 20 10  6 17  5  0   16.6   66.4  980.0   23.0   42.0
 20 10  6 17 10  0   16.4   67.5  980.0   22.7   42.7
 20 10  6 17 15  0   16.2   68.5  980.0   22.5   43.1
 20 10  6 17 20  0   16.1   69.1  980.0   22.4   43.5
 20 10  6 17 25  0   16.1   69.1  979.9   22.5   43.5
 20 10  6 17 30  0   16.1   69.6  979.8   22.8   42.9
 20 10  6 17 35  0   16.0   69.1  979.7   23.1   42.2
 20 10  6 17 40  0   16.0   70.1  979.7   23.3   41.7
 20 10  6 17 45  0   16.0   69.1  979.7   23.1   41.9
 20 10  6 17 50  0   16.0   69.6  979.7   22.8   42.6
 20 10  6 17 55  0   15.9   69.6  979.7   22.6   43.1
 20 10  6 18  0  0   15.9   70.1  979.6   22.4   43.5
 20 10  6 18  5  0   15.9   70.1  979.7   22.3   43.8
 20 10  6 18 10  0   15.9   70.1  979.6   22.5   43.5
 20 10  6 18 15  0   15.8   70.1  979.5   22.9   42.8
 20 10  6 18 20  0   15.7   70.6  979.5   23.1   42.2
 20 10  6 18 25  0   15.7   70.6  979.6   23.3   41.7
 20 10  6 18 30  0   15.7   70.6  979.5   23.1   41.9
 20 10  6 18 35  0   15.8   70.6  979.4   22.8   42.5
 20 10  6 18 40  0   15.8   70.6  979.4   22.6   43.1
 20 10  6 18 45  0   15.8   70.1  979.4   22.5   43.5
 20 10  6 18 50  0   15.7   70.1  979.4   22.3   43.8
 20 10  6 18 55  0   15.7   70.6  979.3   22.5   43.6
 20 10  6 19  0  0   15.7   70.6  979.3   22.8   42.9
 20 10  6 19  5  0   15.5   71.2  979.3   23.1   42.3
 20 10  6 19 10  0   15.4   71.2  979.2   23.3   41.7
 20 10  6 19 14 55   15.3   71.7  979.1   23.0   42.2
 20 10  6 19 20  0   15.3   72.2  979.2   22.7   42.8
 20 10  6 19 25  0   15.2   72.2  979.1   22.6   43.3
 20 10  6 19 30  0   15.1   72.7  979.1   22.4   43.7
 20 10  6 19 35  0   15.1   72.6  979.1   22.3   44.0
 20 10  6 19 40  0   15.1   73.3  979.1   22.6   43.4
 20 10  6 19 45  0   14.9   74.3  979.1   22.9   42.9
 20 10  6 19 50  0   14.8   74.8  979.2   23.1   42.2
 20 10  6 19 55  0   14.8   74.8  979.3   23.3   41.7
 20 10  6 20  0  0   14.6   76.4  979.4   23.0   42.3
 20 10  6 20  5  0   14.3   77.5  979.5   22.8   42.9
 20 10  6 20 10  0   14.2   78.0  979.6   22.6   43.3
 20 10  6 20 15  0   14.2   77.5  979.7   22.5   43.6
 20 10  6 20 20  0   14.1   77.5  979.7   22.4   43.9
 20 10  6 20 25  0   14.0   77.5  979.6   22.3   44.0
 20 10  6 20 30  0   14.1   77.5  979.6   22.6   43.6
 20 10  6 20 35  0   13.9   78.0  979.6   22.8   43.0
 20 10  6 20 40  0   13.7   79.6  979.6   23.1   42.4
 20 10  6 20 45  0   13.6   80.1  979.6   23.3   41.9
 20 10  6 20 50  0   13.4   80.1  979.5   23.2   41.9
 20 10  6 20 55  0   13.4   80.6  979.6   22.9   42.6
 20 10  6 21  0  0   13.4   79.6  979.5   22.7   43.1
 20 10  6 21  5  0   13.4   80.1  979.5   22.5   43.5
 20 10  6 21 10  0   13.2   79.0  979.4   22.4   43.7
 20 10  6 21 15  0   13.5   76.5  979.5   22.4   43.9
 20 10  6 21 20  0   13.5   75.9  979.5   22.5   43.7
 20 10  6 21 25  0   13.5   74.8  979.5   22.8   43.0
 20 10  6 21 30  0   13.6   72.2  979.4   23.1   42.5
 20 10  6 21 35  0   13.7   71.7  979.3   23.3   42.0
 20 10  6 21 40  0   13.6   72.7  979.3   23.3   41.7
 20 10  6 21 45  0   13.5   72.7  979.2   23.0   42.3
 20 10  6 21 50  0   13.6   71.7  979.2   22.8   42.9
 20 10  6 21 55  0   13.7   69.6  979.2   22.5   43.4
 20 10  6 22  0  0   13.9   67.5  979.1   22.4   43.7
 20 10  6 22  5  0   14.0   65.9  979.1   22.3   44.0
 20 10  6 22 10  0   14.1   64.9  979.0   22.3   43.9
 20 10  6 22 15  0   14.3   63.8  978.9   22.7   43.2
 20 10  6 22 20  0   14.4   63.3  978.9   23.0   42.6
 20 10  6 22 25  0   14.4   63.5  979.0   23.2   41.9
 20 10  6 22 30  0   14.5   62.8  979.1   23.4   41.6
 20 10  6 22 35  0   14.5   62.8  979.1   23.0   42.1
 20 10  6 22 40  0   14.5   62.8  979.1   22.8   42.6
 20 10  6 22 45  0   14.6   62.2  979.1   22.6   43.1
 20 10  6 22 50  0   14.6   61.7  979.0   22.4   43.5
 20 10  6 22 55  0   14.7   62.2  979.0   22.3   43.7
 20 10  6 23  0  0   14.5   63.8  979.1   22.6   43.3
 20 10  6 23  5  0   14.4   65.4  979.0   22.8   42.7
 20 10  6 23 10  0   14.3   67.0  979.0   23.1   42.0
 20 10  6 23 15  0   14.2   68.0  979.1   23.3   41.6
 20 10  6 23 20  0   14.1   68.5  979.0   23.2   41.7
 20 10  6 23 25  0   14.0   69.6  979.1   22.9   42.3
 20 10  6 23 30  0   13.8   69.1  979.1   22.7   42.8
 20 10  6 23 35  0   13.8   70.1  979.1   22.5   43.2
 20 10  6 23 40  0   13.8   70.1  979.1   22.4   43.5
 20 10  6 23 45  0   13.7   71.2  979.1   22.2   43.9
 20 10  6 23 50  0   13.5   71.7  979.2   22.4   43.5
 20 10  6 23 55  0   13.5   68.5  979.2   22.8   42.8
